# Reading prmtop information...
#%VERSION  VERSION_STAMP = V0001.000  DATE = 02/28/23  16:45:01                  
# N: 49207 Ntypes: 26 Nres: 15294 NPH: 1 NNB:83567
# There is a cubic periodic box. IFBOX = 1.
# Prmtop file PDBs/leap/COL/MR-COL.prmtop read successfully!
#
# Define the format of the trajectory file: 
#
# 	 1) AMBER MDCRD FILE
# 	 2) GZIPPED AMBER MDCRD FILE
# 	 3) NETCDF FORMAT FILE
# 	 4) CHARMM DCD FORMAT FILE
#
# Enter your choice number: #
# Choose your option for energy calculations:
#
# 	 1) Ligand - Protein interaction calculations
# 	 2) Ligand - Environment interaction calculations
# 	 3) Ligand - Solvent interaction calculations
# 	 4) Selection - Selection interaction calculations
# 	 5) Protein Internal Energy Calculations
# 	 6) Multiple Selection - Multiple Selection Calculations
# 	 7) Multiple Selection - Multiple Selection w/ Chuncks Calculations
#
# Enter your choice number: # Define your ligand residue number: # You selected atoms 1 (C12) to 56 (H30)
# And atom 1 (C12) to 56 (H30).
# NetCDF Frame dimension: 301
# NetCDF number of atoms: 49207
#        Step         Elec          VDW        Total
            1     -37.4923     -54.3507     -91.8430
            2     -29.2799     -54.4935     -83.7733
            3     -32.3481     -57.1010     -89.4491
            4     -34.2062     -54.9654     -89.1716
            5     -38.6600     -50.3510     -89.0110
            6     -37.7817     -50.6063     -88.3880
            7     -31.1271     -54.3406     -85.4677
            8     -41.7381     -48.5530     -90.2911
            9     -32.0365     -55.9585     -87.9950
           10     -29.8714     -54.1898     -84.0613
           11     -32.6015     -55.4654     -88.0669
           12     -31.6128     -53.3327     -84.9455
           13     -35.5428     -50.6211     -86.1639
           14     -38.0668     -53.1759     -91.2427
           15     -36.7718     -50.4303     -87.2021
           16     -38.4893     -54.7504     -93.2396
           17     -39.5216     -51.4580     -90.9797
           18     -31.9126     -51.6962     -83.6088
           19     -36.6392     -50.2649     -86.9041
           20     -32.6582     -53.7694     -86.4276
           21     -32.5641     -55.7174     -88.2815
           22     -22.3380     -56.3335     -78.6714
           23     -31.3544     -55.8241     -87.1785
           24     -33.7130     -53.5206     -87.2336
           25     -30.9059     -52.0108     -82.9167
           26     -32.4146     -52.1939     -84.6086
           27     -31.7386     -55.7353     -87.4739
           28     -33.3625     -52.6519     -86.0144
           29     -32.8062     -53.6703     -86.4765
           30     -30.6430     -60.4898     -91.1328
           31     -33.0562     -55.3094     -88.3656
           32     -31.9652     -54.7843     -86.7495
           33     -34.9961     -56.3367     -91.3328
           34     -42.1019     -52.1623     -94.2642
           35     -27.9075     -55.9852     -83.8927
           36     -35.7723     -54.2650     -90.0373
           37     -34.7069     -49.1374     -83.8442
           38     -32.1384     -49.5352     -81.6736
           39     -29.6264     -54.4356     -84.0620
           40     -36.8645     -52.3363     -89.2008
           41     -34.6968     -51.2339     -85.9307
           42     -42.3244     -55.6261     -97.9505
           43     -35.6905     -51.7852     -87.4757
           44     -28.8631     -53.9756     -82.8387
           45     -34.2437     -53.0954     -87.3391
           46     -33.8267     -56.1549     -89.9817
           47     -36.4111     -55.9306     -92.3417
           48     -30.6640     -51.2358     -81.8999
           49     -38.6628     -54.0180     -92.6808
           50     -28.7348     -51.7572     -80.4920
           51     -37.6428     -50.7815     -88.4243
           52     -26.7357     -54.9383     -81.6740
           53     -33.0599     -50.7126     -83.7725
           54     -35.4680     -52.0399     -87.5079
           55     -48.5714     -42.1850     -90.7564
           56     -31.2151     -52.3503     -83.5654
           57     -37.8972     -49.5184     -87.4156
           58     -35.5037     -55.6868     -91.1905
           59     -33.2254     -52.8777     -86.1031
           60     -34.5668     -52.0557     -86.6225
           61     -33.3745     -53.9531     -87.3276
           62     -35.9603     -51.7522     -87.7126
           63     -33.9196     -56.5987     -90.5183
           64     -37.5883     -55.2619     -92.8502
           65     -35.5317     -45.6249     -81.1567
           66     -37.6583     -51.8396     -89.4979
           67     -44.3537     -49.3641     -93.7178
           68     -45.7292     -45.8259     -91.5551
           69     -41.2376     -47.4252     -88.6628
           70     -43.3074     -49.6029     -92.9104
           71     -37.3694     -50.8268     -88.1962
           72     -40.9888     -53.3850     -94.3738
           73     -42.5993     -48.7879     -91.3871
           74     -41.9727     -49.6520     -91.6247
           75     -35.8269     -52.5221     -88.3489
           76     -44.2994     -49.9092     -94.2085
           77     -42.8744     -52.2599     -95.1343
           78     -42.9052     -55.1224     -98.0276
           79     -46.4022     -46.5391     -92.9413
           80     -28.6289     -52.6360     -81.2648
           81     -41.8817     -47.2422     -89.1239
           82     -41.6814     -55.1454     -96.8267
           83     -34.2501     -53.7364     -87.9865
           84     -31.6903     -48.1348     -79.8252
           85     -35.2400     -50.9148     -86.1548
           86     -37.2492     -49.0423     -86.2915
           87     -41.2421     -49.7822     -91.0243
           88     -26.1679     -55.0151     -81.1830
           89     -27.9732     -54.7729     -82.7461
           90     -33.6710     -54.0630     -87.7340
           91     -38.2755     -52.6910     -90.9665
           92     -28.6810     -53.3728     -82.0538
           93     -33.4813     -55.7786     -89.2599
           94     -25.5347     -56.0164     -81.5510
           95     -35.5442     -49.6857     -85.2299
           96     -30.6411     -50.9875     -81.6286
           97     -32.4202     -54.9210     -87.3412
           98     -34.0927     -52.4818     -86.5745
           99     -34.2134     -47.9542     -82.1676
          100     -34.0740     -53.3848     -87.4588
          101     -26.0674     -52.0507     -78.1181
          102     -28.6243     -54.8251     -83.4494
          103     -26.6630     -52.4829     -79.1460
          104     -29.2176     -51.9869     -81.2045
          105     -34.9157     -50.7278     -85.6435
          106     -31.0142     -54.4734     -85.4877
          107     -29.7301     -52.5954     -82.3255
          108     -35.7543     -46.0995     -81.8538
          109     -34.0806     -52.9912     -87.0718
          110     -30.5422     -54.5826     -85.1247
          111     -31.3377     -51.7886     -83.1263
          112     -29.6486     -53.7926     -83.4412
          113     -28.8210     -50.7835     -79.6045
          114     -36.4081     -51.6938     -88.1019
          115     -34.4943     -51.1521     -85.6464
          116     -33.6738     -51.3866     -85.0604
          117     -30.9869     -48.0109     -78.9977
          118     -32.2169     -53.5811     -85.7980
          119     -25.3610     -50.0521     -75.4131
          120     -34.1764     -52.3224     -86.4988
          121     -33.6424     -48.5360     -82.1784
          122     -20.9352     -55.4398     -76.3750
          123     -32.3055     -53.9523     -86.2578
          124     -36.4920     -48.2692     -84.7611
          125     -32.2514     -52.1799     -84.4313
          126     -32.7502     -52.4334     -85.1835
          127     -32.0581     -51.8532     -83.9114
          128     -27.8059     -51.8003     -79.6062
          129     -27.9842     -53.2014     -81.1856
          130     -34.9101     -48.1931     -83.1032
          131     -37.4543     -49.9871     -87.4413
          132     -29.4252     -54.3365     -83.7617
          133     -28.1926     -46.8436     -75.0362
          134     -34.4893     -49.0500     -83.5394
          135     -26.4943     -48.9740     -75.4682
          136     -29.7651     -48.8108     -78.5758
          137     -32.3376     -51.6506     -83.9882
          138     -28.7524     -52.6991     -81.4516
          139     -25.2969     -57.0502     -82.3471
          140     -36.0715     -53.2726     -89.3441
          141     -29.1136     -52.4590     -81.5726
          142     -30.9260     -53.3040     -84.2301
          143     -38.1471     -50.0550     -88.2022
          144     -34.4124     -46.4915     -80.9039
          145     -22.0879     -53.9104     -75.9984
          146     -26.5116     -53.2966     -79.8082
          147     -35.9703     -52.4765     -88.4468
          148     -40.3048     -48.1876     -88.4924
          149     -36.7112     -49.7461     -86.4573
          150     -28.4586     -54.8284     -83.2870
          151     -29.3007     -53.6038     -82.9045
          152     -30.8633     -52.5200     -83.3833
          153     -35.2528     -51.2393     -86.4921
          154     -38.7955     -51.6527     -90.4483
          155     -29.5044     -52.3396     -81.8439
          156     -34.1092     -51.3022     -85.4114
          157     -33.5302     -49.9657     -83.4959
          158     -38.0659     -44.7195     -82.7854
          159     -28.8360     -51.6207     -80.4567
          160     -30.6661     -51.5023     -82.1685
          161     -28.3575     -52.9084     -81.2660
          162     -25.7514     -50.5691     -76.3206
          163     -27.8088     -51.4546     -79.2635
          164     -25.9889     -55.7132     -81.7021
          165     -26.3253     -49.9783     -76.3036
          166     -22.3355     -55.5159     -77.8513
          167     -25.5614     -51.6976     -77.2591
          168     -35.6236     -55.1092     -90.7328
          169     -32.7714     -53.6013     -86.3726
          170     -34.4218     -53.0560     -87.4777
          171     -36.5084     -52.0589     -88.5673
          172     -36.5510     -51.9614     -88.5124
          173     -40.2462     -52.1859     -92.4320
          174     -31.8894     -50.7364     -82.6258
          175     -25.6083     -52.0265     -77.6348
          176     -38.2599     -46.1310     -84.3910
          177     -32.7062     -56.0590     -88.7652
          178     -37.3864     -49.0695     -86.4559
          179     -34.4859     -52.7576     -87.2435
          180     -41.0389     -50.5892     -91.6281
          181     -34.5664     -51.0806     -85.6470
          182     -40.1987     -52.7769     -92.9756
          183     -39.4954     -51.9611     -91.4565
          184     -39.5754     -51.4225     -90.9979
          185     -37.4378     -49.7724     -87.2102
          186     -39.3605     -50.7004     -90.0609
          187     -31.9392     -49.6180     -81.5572
          188     -36.0384     -52.7215     -88.7599
          189     -33.2014     -54.6619     -87.8632
          190     -42.7565     -49.3334     -92.0899
          191     -36.3761     -52.0834     -88.4595
          192     -35.3466     -49.7027     -85.0493
          193     -37.5082     -52.9087     -90.4170
          194     -34.2924     -54.0891     -88.3815
          195     -27.0327     -54.5699     -81.6026
          196     -38.4119     -46.9447     -85.3566
          197     -30.9475     -52.8839     -83.8313
          198     -31.3615     -50.8632     -82.2247
          199     -32.9949     -47.7041     -80.6990
          200     -30.2719     -51.2147     -81.4867
          201     -33.2398     -51.7234     -84.9632
          202     -28.7191     -50.4975     -79.2165
          203     -32.6419     -50.2116     -82.8535
          204     -27.8456     -54.1852     -82.0308
          205     -24.6004     -54.9575     -79.5579
          206     -24.5748     -53.9481     -78.5229
          207     -22.2196     -55.7512     -77.9707
          208     -36.0219     -50.3438     -86.3657
          209     -20.0831     -53.9662     -74.0493
          210     -36.8911     -49.2722     -86.1633
          211     -27.7248     -50.7634     -78.4882
          212     -27.5239     -46.5821     -74.1059
          213     -36.3290     -46.8154     -83.1444
          214     -28.5925     -50.5302     -79.1227
          215     -29.7914     -52.6690     -82.4605
          216     -37.2773     -51.9869     -89.2642
          217     -25.8892     -54.9749     -80.8641
          218     -29.0247     -55.4008     -84.4255
          219     -27.3705     -53.0680     -80.4385
          220     -24.7661     -50.5066     -75.2727
          221     -23.9028     -54.3575     -78.2603
          222     -29.9677     -52.8027     -82.7704
          223     -29.4388     -54.2572     -83.6959
          224     -34.7337     -50.6846     -85.4183
          225     -29.4666     -53.3332     -82.7999
          226     -24.9482     -49.8448     -74.7930
          227     -37.0047     -51.4879     -88.4926
          228     -45.9788     -49.8783     -95.8571
          229     -36.7859     -53.7938     -90.5797
          230     -43.5172     -52.4374     -95.9545
          231     -37.6027     -55.5531     -93.1558
          232     -38.5837     -49.7660     -88.3497
          233     -40.6666     -54.5265     -95.1931
          234     -36.1990     -52.4307     -88.6297
          235     -43.4398     -51.6492     -95.0890
          236     -41.2423     -53.9987     -95.2410
          237     -38.5628     -51.4640     -90.0268
          238     -36.5797     -51.9919     -88.5716
          239     -32.8596     -49.7154     -82.5750
          240     -34.8269     -52.4059     -87.2328
          241     -47.7430     -49.5396     -97.2827
          242     -42.6140     -52.7960     -95.4100
          243     -36.0931     -47.2691     -83.3622
          244     -35.0307     -50.6151     -85.6458
          245     -39.3448     -50.7368     -90.0816
          246     -41.3394     -48.0610     -89.4004
          247     -42.7400     -49.9512     -92.6913
          248     -36.4147     -52.3635     -88.7782
          249     -41.1295     -47.3576     -88.4871
          250     -49.8160     -49.5483     -99.3643
          251     -31.6232     -47.6253     -79.2485
          252     -25.9953     -47.0846     -73.0799
          253     -32.8243     -49.6124     -82.4368
          254     -28.3857     -48.5961     -76.9818
          255     -29.8397     -50.1397     -79.9794
          256     -26.6185     -48.9741     -75.5926
          257     -29.2997     -45.5994     -74.8992
          258     -35.2197     -51.1001     -86.3198
          259     -36.8042     -44.0905     -80.8947
          260     -31.8560     -48.7791     -80.6352
          261     -35.6807     -45.2733     -80.9540
          262     -27.1936     -51.1472     -78.3408
          263     -35.5220     -50.6102     -86.1322
          264     -27.9356     -52.9325     -80.8680
          265     -32.3328     -52.3790     -84.7118
          266     -38.9100     -46.5438     -85.4537
          267     -37.4570     -45.8505     -83.3075
          268     -35.7738     -48.4816     -84.2553
          269     -28.6915     -49.6158     -78.3073
          270     -34.9156     -47.3313     -82.2469
          271     -29.2051     -52.7524     -81.9576
          272     -32.6392     -53.1923     -85.8315
          273     -32.7474     -46.3485     -79.0959
          274     -19.9730     -50.1041     -70.0771
          275     -27.2901     -49.1732     -76.4633
          276     -27.7540     -53.2441     -80.9981
          277     -36.9666     -49.9790     -86.9456
          278     -37.7089     -49.1674     -86.8764
          279     -28.2308     -55.5266     -83.7573
          280     -31.5354     -52.6451     -84.1805
          281     -30.9058     -50.8320     -81.7377
          282     -29.5298     -53.4385     -82.9683
          283     -22.6457     -51.6725     -74.3182
          284     -27.1613     -51.4270     -78.5883
          285     -26.2313     -54.6096     -80.8409
          286     -30.2770     -50.2105     -80.4875
          287     -30.8094     -54.7931     -85.6025
          288     -36.4969     -50.0387     -86.5357
          289     -33.2080     -50.9667     -84.1746
          290     -34.4318     -48.5392     -82.9710
          291     -34.0405     -54.2523     -88.2928
          292     -32.9043     -47.9941     -80.8984
          293     -37.2330     -48.5836     -85.8167
          294     -23.6869     -51.1187     -74.8056
          295     -27.5182     -52.3990     -79.9171
          296     -38.1603     -43.9034     -82.0637
          297     -38.2713     -50.4069     -88.6782
          298     -24.0764     -53.0672     -77.1436
          299     -23.7775     -52.9957     -76.7732
          300     -31.5939     -48.4766     -80.0705
          301     -34.8001     -50.9117     -85.7118
