# Reading prmtop information...
#%VERSION  VERSION_STAMP = V0001.000  DATE = 02/28/23  16:45:01                  
# N: 49207 Ntypes: 26 Nres: 15294 NPH: 1 NNB:83567
# There is a cubic periodic box. IFBOX = 1.
# Prmtop file ../../leap/COL/MR-COL.prmtop read successfully!
#
# Define the format of the trajectory file: 
#
# 	 1) AMBER MDCRD FILE
# 	 2) GZIPPED AMBER MDCRD FILE
# 	 3) NETCDF FORMAT FILE
# 	 4) CHARMM DCD FORMAT FILE
#
# Enter your choice number: #
# Choose your option for energy calculations:
#
# 	 1) Ligand - Protein interaction calculations
# 	 2) Ligand - Environment interaction calculations
# 	 3) Ligand - Solvent interaction calculations
# 	 4) Selection - Selection interaction calculations
# 	 5) Protein Internal Energy Calculations
# 	 6) Multiple Selection - Multiple Selection Calculations
# 	 7) Multiple Selection - Multiple Selection w/ Chuncks Calculations
#
# Enter your choice number: # Define your ligand residue number: # You selected atoms 1 (C12) to 56 (H30)
# And atom 1 (C12) to 56 (H30).
# NetCDF Frame dimension: 1000
# NetCDF number of atoms: 49207
#        Step         Elec          VDW        Total
            1     -34.8631     -54.8054     -89.6686
            2     -27.3779     -55.0505     -82.4284
            3     -30.0759     -57.7878     -87.8637
            4     -31.5655     -55.7633     -87.3288
            5     -36.2895     -51.1672     -87.4567
            6     -34.8480     -51.4283     -86.2763
            7     -27.8737     -55.0849     -82.9586
            8     -40.0142     -49.3604     -89.3746
            9     -28.1634     -56.7939     -84.9572
           10     -29.3470     -55.0926     -84.4397
           11     -28.0149     -56.3824     -84.3974
           12     -30.9672     -54.2664     -85.2336
           13     -34.2506     -51.5019     -85.7525
           14     -35.2493     -54.0867     -89.3360
           15     -34.2147     -51.4882     -85.7030
           16     -34.5913     -55.6049     -90.1962
           17     -34.0956     -52.3625     -86.4581
           18     -29.0336     -52.5307     -81.5643
           19     -33.6552     -51.0821     -84.7373
           20     -28.8842     -54.6248     -83.5091
           21     -28.5685     -56.6837     -85.2522
           22     -18.6982     -57.2765     -75.9746
           23     -27.4606     -56.7982     -84.2589
           24     -32.0395     -54.4165     -86.4559
           25     -27.3994     -52.8897     -80.2891
           26     -29.8912     -53.1157     -83.0069
           27     -27.8356     -56.7161     -84.5516
           28     -28.3541     -53.6405     -81.9946
           29     -27.2999     -54.6074     -81.9073
           30     -26.4822     -61.4179     -87.9000
           31     -26.8900     -56.2798     -83.1698
           32     -27.6405     -55.6996     -83.3401
           33     -28.3528     -57.2868     -85.6396
           34     -35.5253     -53.1383     -88.6636
           35     -23.0155     -57.2912     -80.3067
           36     -27.1858     -55.4380     -82.6238
           37     -26.3889     -50.1695     -76.5583
           38     -24.2454     -51.0212     -75.2665
           39     -27.7996     -55.3666     -83.1663
           40     -32.4762     -54.1032     -86.5794
           41     -34.0185     -52.0764     -86.0949
           42     -30.7105     -56.2353     -86.9457
           43     -28.2237     -52.7414     -80.9651
           44     -28.7222     -54.6336     -83.3558
           45     -36.2111     -52.9937     -89.2048
           46     -33.5764     -58.1636     -91.7400
           47     -27.4823     -56.1757     -83.6580
           48     -27.5974     -52.8571     -80.4545
           49     -34.5212     -55.2350     -89.7562
           50     -27.0736     -52.8035     -79.8770
           51     -34.1601     -51.8220     -85.9821
           52     -30.5015     -55.0370     -85.5384
           53     -27.7664     -52.1324     -79.8988
           54     -36.3938     -51.3691     -87.7629
           55     -44.0592     -43.5315     -87.5907
           56     -25.5371     -54.1227     -79.6597
           57     -32.2733     -50.7758     -83.0491
           58     -30.9102     -56.4252     -87.3354
           59     -26.7213     -54.0726     -80.7939
           60     -27.1705     -53.9657     -81.1362
           61     -27.8473     -55.1495     -82.9969
           62     -28.5778     -53.3317     -81.9095
           63     -28.1607     -58.6596     -86.8203
           64     -37.0406     -55.6395     -92.6800
           65     -31.1337     -46.7719     -77.9056
           66     -32.1663     -54.1703     -86.3366
           67     -35.5061     -50.9092     -86.4152
           68     -32.6929     -47.4951     -80.1880
           69     -31.8839     -48.9952     -80.8791
           70     -37.1448     -50.7760     -87.9207
           71     -31.4153     -51.5665     -82.9818
           72     -34.1713     -54.4929     -88.6642
           73     -35.4044     -49.8130     -85.2174
           74     -34.1771     -51.0511     -85.2282
           75     -31.6119     -54.0227     -85.6346
           76     -37.6670     -51.2513     -88.9183
           77     -33.1617     -54.0810     -87.2427
           78     -32.1111     -56.5363     -88.6475
           79     -36.9112     -47.5306     -84.4418
           80     -33.9560     -52.7581     -86.7141
           81     -44.0457     -47.8025     -91.8482
           82     -35.7961     -56.7391     -92.5351
           83     -33.6312     -55.4238     -89.0550
           84     -30.6952     -49.0172     -79.7124
           85     -37.7171     -50.8720     -88.5891
           86     -39.7804     -47.2862     -87.0666
           87     -44.8231     -48.3046     -93.1277
           88     -22.4441     -56.2862     -78.7304
           89     -29.3616     -55.9490     -85.3106
           90     -31.8221     -54.4428     -86.2649
           91     -35.5226     -53.6347     -89.1573
           92     -28.3251     -54.5494     -82.8745
           93     -25.3318     -56.8708     -82.2026
           94     -28.9671     -54.9980     -83.9651
           95     -39.2421     -50.0173     -89.2593
           96     -37.2774     -50.5348     -87.8123
           97     -30.9960     -56.6513     -87.6473
           98     -33.0361     -53.7828     -86.8188
           99     -35.3986     -49.0855     -84.4841
          100     -30.7858     -54.5025     -85.2882
          101     -24.9524     -53.6545     -78.6069
          102     -34.6467     -53.0265     -87.6732
          103     -29.7255     -53.2238     -82.9493
          104     -31.6035     -53.2862     -84.8897
          105     -37.9400     -49.1368     -87.0767
          106     -39.0672     -52.8854     -91.9526
          107     -35.2331     -51.5451     -86.7782
          108     -37.1421     -47.2915     -84.4336
          109     -28.6903     -54.5640     -83.2543
          110     -24.1439     -56.1242     -80.2681
          111     -32.6502     -52.9021     -85.5523
          112     -28.8207     -55.1580     -83.9787
          113     -37.0196     -51.7174     -88.7371
          114     -49.8681     -51.8910    -101.7591
          115     -41.1969     -53.6348     -94.8317
          116     -40.8159     -53.1038     -93.9198
          117     -33.1777     -49.1587     -82.3365
          118     -35.7902     -51.3484     -87.1386
          119     -31.6124     -49.7572     -81.3696
          120     -35.7600     -54.1314     -89.8914
          121     -32.7376     -47.5866     -80.3242
          122     -21.2836     -57.0530     -78.3366
          123     -34.7342     -53.5086     -88.2428
          124     -39.7486     -49.0466     -88.7952
          125     -35.1700     -53.5008     -88.6707
          126     -35.6316     -53.3382     -88.9698
          127     -31.4896     -53.2850     -84.7746
          128     -32.5520     -52.6990     -85.2510
          129     -24.0524     -54.8208     -78.8732
          130     -35.9493     -49.8971     -85.8464
          131     -33.6941     -51.6648     -85.3589
          132     -29.6486     -55.2044     -84.8529
          133     -31.0878     -47.9288     -79.0166
          134     -38.7186     -49.0180     -87.7367
          135     -28.0151     -49.5607     -77.5758
          136     -35.6205     -50.0176     -85.6381
          137     -34.5150     -52.3951     -86.9100
          138     -29.3633     -53.7834     -83.1467
          139     -28.0397     -57.6287     -85.6685
          140     -35.2771     -54.2971     -89.5741
          141     -23.4374     -54.0977     -77.5351
          142     -34.2327     -52.6106     -86.8433
          143     -35.4749     -51.7948     -87.2697
          144     -29.1998     -47.8470     -77.0468
          145     -23.8027     -55.2925     -79.0952
          146     -35.4415     -53.7959     -89.2373
          147     -31.0602     -53.7514     -84.8115
          148     -35.3635     -50.5201     -85.8835
          149     -32.9677     -51.4372     -84.4049
          150     -31.6485     -56.4477     -88.0962
          151     -34.2393     -54.0188     -88.2581
          152     -34.3476     -52.2001     -86.5477
          153     -36.7732     -51.2162     -87.9894
          154     -33.1707     -52.9743     -86.1449
          155     -32.7281     -50.9429     -83.6710
          156     -34.3638     -51.4036     -85.7674
          157     -35.7704     -49.3440     -85.1145
          158     -35.4629     -43.7435     -79.2063
          159     -27.0755     -52.6167     -79.6923
          160     -33.1210     -52.2128     -85.3338
          161     -26.2121     -53.8034     -80.0155
          162     -28.3413     -51.4807     -79.8219
          163     -27.2617     -51.9272     -79.1889
          164     -26.3857     -52.9512     -79.3369
          165     -30.3420     -48.6839     -79.0259
          166     -25.0732     -54.9488     -80.0220
          167     -27.6540     -51.7796     -79.4336
          168     -32.2944     -55.9529     -88.2473
          169     -31.4372     -53.9683     -85.4055
          170     -39.6128     -53.3246     -92.9374
          171     -34.4983     -52.8866     -87.3848
          172     -33.7688     -53.0181     -86.7869
          173     -37.4160     -52.9402     -90.3562
          174     -35.8937     -48.6617     -84.5555
          175     -26.7917     -52.4903     -79.2821
          176     -37.8024     -46.9536     -84.7560
          177     -28.8375     -57.1220     -85.9595
          178     -36.4304     -49.4468     -85.8772
          179     -30.6107     -53.7896     -84.4003
          180     -31.1532     -52.5405     -83.6938
          181     -28.2343     -53.1087     -81.3430
          182     -28.5158     -53.8383     -82.3541
          183     -29.0610     -53.9382     -82.9992
          184     -38.7902     -51.3461     -90.1363
          185     -42.8953     -50.9752     -93.8705
          186     -41.2696     -52.6492     -93.9188
          187     -38.2139     -49.2914     -87.5053
          188     -44.2464     -51.0153     -95.2617
          189     -41.2005     -53.9222     -95.1227
          190     -53.6414     -47.4191    -101.0605
          191     -44.8548     -52.0860     -96.9408
          192     -49.0086     -48.6279     -97.6365
          193     -39.2368     -54.5411     -93.7779
          194     -35.4384     -52.8746     -88.3130
          195     -29.5951     -54.6829     -84.2780
          196     -44.3319     -46.0999     -90.4318
          197     -43.7331     -52.8745     -96.6075
          198     -42.3685     -50.0486     -92.4171
          199     -35.9281     -47.9976     -83.9257
          200     -42.0878     -50.5900     -92.6778
          201     -37.2165     -53.8543     -91.0708
          202     -42.6567     -47.5772     -90.2339
          203     -40.6861     -51.5559     -92.2420
          204     -40.7047     -54.4029     -95.1076
          205     -42.4266     -53.8000     -96.2266
          206     -38.3843     -53.4392     -91.8236
          207     -36.3037     -56.6396     -92.9433
          208     -37.8038     -50.4708     -88.2746
          209     -30.4365     -54.2459     -84.6824
          210     -40.3640     -51.1087     -91.4726
          211     -46.0423     -49.9716     -96.0138
          212     -45.5458     -43.6043     -89.1500
          213     -49.9610     -44.9536     -94.9145
          214     -42.1106     -46.0843     -88.1948
          215     -41.8369     -52.9774     -94.8142
          216     -41.3043     -53.4673     -94.7716
          217     -39.3259     -49.7841     -89.1100
          218     -37.1595     -54.8325     -91.9920
          219     -43.3161     -53.5742     -96.8903
          220     -29.5792     -50.9194     -80.4986
          221     -31.3784     -53.9058     -85.2842
          222     -38.1562     -53.2800     -91.4362
          223     -31.1070     -55.5584     -86.6653
          224     -32.9246     -51.1987     -84.1233
          225     -32.9148     -52.2158     -85.1306
          226     -28.3365     -50.0430     -78.3795
          227     -31.1231     -53.2767     -84.3998
          228     -37.6594     -51.5293     -89.1887
          229     -30.9912     -55.4230     -86.4142
          230     -41.0140     -54.0234     -95.0373
          231     -34.8133     -58.0667     -92.8800
          232     -41.9317     -49.6996     -91.6313
          233     -40.1686     -55.7296     -95.8983
          234     -39.5575     -53.5347     -93.0922
          235     -46.7578     -54.0057    -100.7634
          236     -50.2939     -52.6575    -102.9515
          237     -39.7038     -52.9822     -92.6860
          238     -44.3975     -49.1695     -93.5671
          239     -46.9969     -45.3536     -92.3505
          240     -33.8272     -54.6215     -88.4486
          241     -52.2188     -48.1623    -100.3811
          242     -45.8500     -51.8762     -97.7262
          243     -40.1334     -49.0319     -89.1653
          244     -39.9129     -51.5053     -91.4183
          245     -42.7817     -52.3493     -95.1310
          246     -47.4235     -47.2937     -94.7172
          247     -47.9053     -48.9923     -96.8976
          248     -42.6014     -51.7704     -94.3718
          249     -42.6001     -48.8200     -91.4201
          250     -47.8715     -51.3484     -99.2199
          251     -47.5227     -45.4057     -92.9283
          252     -40.0147     -49.2437     -89.2584
          253     -42.5529     -50.6252     -93.1781
          254     -38.3384     -50.1103     -88.4487
          255     -44.0013     -50.1568     -94.1581
          256     -36.7009     -50.4351     -87.1360
          257     -32.9156     -47.6164     -80.5320
          258     -47.6705     -52.5861    -100.2567
          259     -49.7135     -42.3566     -92.0700
          260     -47.2402     -48.3410     -95.5812
          261     -47.2651     -46.1767     -93.4417
          262     -37.5068     -52.7940     -90.3008
          263     -46.2635     -50.8960     -97.1595
          264     -38.3510     -53.6672     -92.0182
          265     -43.6668     -53.8311     -97.4979
          266     -43.3839     -47.6962     -91.0801
          267     -41.1367     -45.5718     -86.7085
          268     -34.2766     -50.5250     -84.8016
          269     -34.2503     -50.0991     -84.3494
          270     -34.2451     -49.2201     -83.4652
          271     -35.4722     -54.0298     -89.5020
          272     -32.7606     -54.8552     -87.6158
          273     -35.0838     -47.5271     -82.6109
          274     -25.8219     -51.8475     -77.6694
          275     -27.2647     -50.4259     -77.6907
          276     -31.3376     -54.3294     -85.6670
          277     -30.6311     -51.1239     -81.7550
          278     -35.3741     -51.1380     -86.5121
          279     -29.0145     -56.8766     -85.8911
          280     -26.7196     -54.6242     -81.3438
          281     -39.4127     -52.3534     -91.7660
          282     -37.8829     -54.1687     -92.0516
          283     -37.7357     -49.7528     -87.4885
          284     -36.6269     -52.4878     -89.1147
          285     -35.2577     -55.5123     -90.7699
          286     -45.2782     -50.1114     -95.3896
          287     -37.5291     -53.7932     -91.3222
          288     -34.7602     -51.8504     -86.6106
          289     -42.3796     -51.2266     -93.6061
          290     -40.3042     -50.7878     -91.0920
          291     -36.1535     -55.7921     -91.9456
          292     -34.8940     -49.8454     -84.7393
          293     -40.6139     -48.8205     -89.4344
          294     -25.8891     -52.4915     -78.3806
          295     -31.0200     -53.4488     -84.4688
          296     -39.4275     -43.6318     -83.0593
          297     -38.0297     -51.3629     -89.3926
          298     -37.9578     -52.4478     -90.4056
          299     -38.7742     -49.8457     -88.6200
          300     -47.2322     -48.7070     -95.9392
          301     -46.3185     -50.4881     -96.8066
          302     -39.1424     -50.9505     -90.0929
          303     -32.9986     -50.7272     -83.7258
          304     -40.7604     -54.1547     -94.9151
          305     -42.3102     -56.3018     -98.6120
          306     -41.6536     -50.6935     -92.3471
          307     -46.1309     -45.9599     -92.0908
          308     -44.7256     -46.5837     -91.3093
          309     -33.6170     -55.5447     -89.1617
          310     -39.4501     -51.8085     -91.2585
          311     -32.5218     -55.8393     -88.3610
          312     -26.0419     -51.4710     -77.5129
          313     -39.4898     -56.2931     -95.7829
          314     -36.0473     -48.4465     -84.4938
          315     -43.6032     -44.3128     -87.9160
          316     -46.7312     -46.2982     -93.0294
          317     -41.4851     -49.1620     -90.6471
          318     -43.6369     -43.4037     -87.0406
          319     -37.4870     -53.0591     -90.5460
          320     -40.2778     -49.7809     -90.0587
          321     -47.6169     -42.8182     -90.4351
          322     -47.7496     -49.7210     -97.4706
          323     -47.6643     -46.3495     -94.0138
          324     -52.0613     -47.2180     -99.2793
          325     -42.4583     -50.2845     -92.7429
          326     -42.3209     -51.0705     -93.3914
          327     -41.4365     -55.8540     -97.2906
          328     -31.7754     -50.7932     -82.5686
          329     -47.6558     -48.5507     -96.2065
          330     -44.0237     -52.7229     -96.7466
          331     -43.6851     -49.2390     -92.9240
          332     -38.4653     -51.0323     -89.4976
          333     -40.6704     -46.8659     -87.5364
          334     -37.4290     -54.2264     -91.6554
          335     -42.6332     -49.7200     -92.3531
          336     -43.4000     -47.0066     -90.4066
          337     -46.2503     -42.5381     -88.7884
          338     -26.1555     -57.9287     -84.0841
          339     -43.5988     -51.8278     -95.4267
          340     -38.8665     -49.1523     -88.0188
          341     -51.9160     -48.1320    -100.0479
          342     -49.3059     -47.5334     -96.8394
          343     -42.4029     -50.0583     -92.4612
          344     -44.2713     -48.0241     -92.2953
          345     -42.0763     -49.4498     -91.5261
          346     -40.2692     -45.3065     -85.5757
          347     -32.5427     -50.5308     -83.0735
          348     -43.3554     -46.5965     -89.9519
          349     -22.2326     -52.6157     -74.8484
          350     -34.6634     -51.4823     -86.1458
          351     -31.6978     -53.2038     -84.9016
          352     -30.9766     -54.3540     -85.3307
          353     -37.5871     -51.1323     -88.7193
          354     -32.3982     -51.1766     -83.5748
          355     -27.1414     -54.2663     -81.4077
          356     -27.4674     -50.0572     -77.5246
          357     -32.7573     -52.6023     -85.3596
          358     -33.7271     -51.6812     -85.4084
          359     -38.8080     -51.8243     -90.6323
          360     -39.7377     -50.7191     -90.4568
          361     -29.3095     -52.1619     -81.4713
          362     -34.4913     -51.5639     -86.0552
          363     -30.1788     -52.9578     -83.1366
          364     -40.3831     -47.0123     -87.3955
          365     -39.5347     -45.7164     -85.2512
          366     -34.1138     -53.8668     -87.9806
          367     -33.9423     -51.9760     -85.9183
          368     -38.0435     -46.9242     -84.9677
          369     -25.6498     -53.1929     -78.8426
          370     -30.6978     -49.7956     -80.4934
          371     -35.0346     -51.0865     -86.1211
          372     -28.8202     -51.7516     -80.5717
          373     -31.3296     -52.1551     -83.4847
          374     -29.4456     -53.8071     -83.2527
          375     -34.0802     -54.4719     -88.5521
          376     -29.6411     -50.3935     -80.0346
          377     -28.2942     -51.9789     -80.2731
          378     -27.1510     -49.6511     -76.8021
          379     -27.9539     -50.5248     -78.4788
          380     -36.2861     -54.3101     -90.5961
          381     -31.5366     -52.5987     -84.1352
          382     -48.2589     -52.0834    -100.3423
          383     -39.9143     -49.8356     -89.7499
          384     -48.5553     -46.4909     -95.0463
          385     -44.3478     -45.8874     -90.2352
          386     -39.7673     -49.2588     -89.0261
          387     -42.8745     -48.8087     -91.6832
          388     -50.2738     -44.6567     -94.9305
          389     -43.2308     -49.2951     -92.5259
          390     -28.4656     -52.9547     -81.4203
          391     -28.5139     -55.9478     -84.4617
          392     -41.1396     -46.9642     -88.1038
          393     -31.1460     -52.8248     -83.9708
          394     -31.3794     -55.2197     -86.5992
          395     -31.0296     -54.2392     -85.2688
          396     -30.8145     -58.7470     -89.5615
          397     -26.5357     -56.7287     -83.2643
          398     -31.6035     -55.2565     -86.8600
          399     -30.5519     -53.7057     -84.2577
          400     -33.5254     -54.3244     -87.8499
          401     -34.7277     -49.1837     -83.9114
          402     -35.2855     -50.4271     -85.7127
          403     -30.9541     -52.4580     -83.4121
          404     -38.7858     -48.9040     -87.6897
          405     -28.1758     -51.8401     -80.0159
          406     -33.6269     -49.7724     -83.3993
          407     -34.7341     -47.8147     -82.5487
          408     -47.2583     -52.5838     -99.8421
          409     -46.6494     -45.3925     -92.0419
          410     -44.6031     -47.1175     -91.7206
          411     -33.0754     -51.7558     -84.8312
          412     -46.8344     -53.3426    -100.1771
          413     -41.9063     -50.9379     -92.8442
          414     -40.4214     -52.0775     -92.4989
          415     -38.9720     -47.2054     -86.1774
          416     -32.2304     -51.2041     -83.4345
          417     -35.6461     -48.4229     -84.0690
          418     -31.7665     -51.9961     -83.7625
          419     -36.5242     -50.7219     -87.2461
          420     -31.3526     -52.1663     -83.5189
          421     -34.2582     -50.6835     -84.9418
          422     -28.9832     -54.1486     -83.1318
          423     -26.8670     -55.6017     -82.4688
          424     -37.3415     -47.8277     -85.1692
          425     -31.4668     -47.9207     -79.3875
          426     -31.1288     -49.7053     -80.8341
          427     -30.8371     -52.9480     -83.7851
          428     -34.1491     -53.5096     -87.6587
          429     -32.3392     -52.7215     -85.0607
          430     -31.0569     -50.9678     -82.0246
          431     -37.0331     -49.3431     -86.3762
          432     -38.2391     -47.8021     -86.0411
          433     -33.3473     -50.3887     -83.7360
          434     -44.6371     -44.9307     -89.5678
          435     -35.8706     -54.3991     -90.2697
          436     -45.5196     -47.2184     -92.7380
          437     -43.8621     -47.1873     -91.0494
          438     -42.2536     -51.9730     -94.2265
          439     -30.7918     -52.7866     -83.5784
          440     -48.5638     -49.9330     -98.4968
          441     -45.9805     -49.4316     -95.4121
          442     -55.5745     -51.2028    -106.7773
          443     -41.1121     -51.6843     -92.7964
          444     -39.1768     -50.3044     -89.4813
          445     -47.0739     -46.8893     -93.9633
          446     -41.2067     -54.7532     -95.9599
          447     -41.8978     -51.9524     -93.8502
          448     -47.3438     -50.5639     -97.9078
          449     -40.7400     -52.6813     -93.4213
          450     -36.4765     -51.1322     -87.6087
          451     -50.5020     -45.3929     -95.8948
          452     -39.7053     -49.9626     -89.6679
          453     -44.8570     -52.4790     -97.3360
          454     -46.6187     -50.7458     -97.3645
          455     -47.5337     -45.9306     -93.4643
          456     -38.0247     -51.7678     -89.7925
          457     -32.2488     -54.6676     -86.9164
          458     -41.8627     -50.4177     -92.2804
          459     -27.7177     -50.5542     -78.2719
          460     -33.8270     -46.6077     -80.4346
          461     -36.4929     -51.2027     -87.6956
          462     -40.6102     -47.8861     -88.4963
          463     -38.1191     -52.2121     -90.3312
          464     -37.5048     -50.3597     -87.8645
          465     -33.8675     -48.1312     -81.9987
          466     -25.8494     -51.4677     -77.3171
          467     -27.0947     -55.1117     -82.2064
          468     -33.7431     -51.1634     -84.9065
          469     -32.3601     -54.5427     -86.9028
          470     -28.8450     -55.2577     -84.1027
          471     -30.7721     -50.0241     -80.7963
          472     -36.6769     -50.3865     -87.0634
          473     -29.4951     -50.4003     -79.8954
          474     -34.6072     -48.4605     -83.0677
          475     -25.3301     -54.9170     -80.2471
          476     -28.6158     -51.2881     -79.9038
          477     -28.2604     -50.9033     -79.1637
          478     -39.4897     -41.4077     -80.8974
          479     -36.5468     -48.7968     -85.3436
          480     -30.9972     -46.9446     -77.9417
          481     -28.2392     -49.5112     -77.7504
          482     -31.6532     -49.3075     -80.9607
          483     -25.1718     -51.8129     -76.9847
          484     -33.0983     -50.7286     -83.8269
          485     -29.5093     -54.6949     -84.2043
          486     -29.5295     -49.3358     -78.8652
          487     -32.1370     -50.2896     -82.4266
          488     -31.0110     -56.0319     -87.0429
          489     -25.6845     -49.3993     -75.0838
          490     -27.3440     -51.9415     -79.2855
          491     -25.3981     -49.2226     -74.6207
          492     -37.8919     -51.3297     -89.2216
          493     -33.1057     -52.4012     -85.5070
          494     -36.9409     -46.6185     -83.5594
          495     -30.0706     -49.0319     -79.1025
          496     -31.1664     -46.8867     -78.0531
          497     -35.0228     -45.7652     -80.7880
          498     -45.6304     -46.3977     -92.0281
          499     -20.0071     -54.6736     -74.6807
          500     -27.8713     -53.5790     -81.4503
          501     -23.2074     -52.6178     -75.8252
          502     -37.5543     -45.5533     -83.1076
          503     -30.2286     -52.9038     -83.1324
          504     -35.5889     -47.8850     -83.4738
          505     -27.5514     -49.5230     -77.0744
          506     -23.5593     -54.2863     -77.8457
          507     -25.2044     -55.5880     -80.7924
          508     -35.2108     -52.6226     -87.8334
          509     -18.3476     -57.4630     -75.8106
          510     -23.5470     -50.3166     -73.8636
          511     -34.7769     -51.3056     -86.0825
          512     -24.0315     -54.1518     -78.1832
          513     -29.3585     -57.5821     -86.9407
          514     -30.5139     -56.3081     -86.8220
          515     -38.4180     -49.9620     -88.3800
          516     -27.1858     -48.2710     -75.4568
          517     -24.6245     -58.1110     -82.7355
          518     -29.8395     -55.7575     -85.5970
          519     -34.2199     -48.8190     -83.0389
          520     -30.6444     -50.9947     -81.6391
          521     -30.8208     -45.8870     -76.7078
          522     -33.7927     -51.4562     -85.2489
          523     -31.1137     -54.8163     -85.9300
          524     -33.0892     -51.7872     -84.8763
          525     -24.1207     -50.4803     -74.6009
          526     -28.4158     -51.1565     -79.5722
          527     -30.6995     -47.7213     -78.4208
          528     -33.2564     -51.1697     -84.4260
          529     -33.4111     -52.5047     -85.9158
          530     -33.1053     -49.1612     -82.2664
          531     -23.4430     -49.4881     -72.9311
          532     -33.5860     -43.9168     -77.5028
          533     -35.8229     -48.5444     -84.3673
          534     -34.3205     -50.8926     -85.2130
          535     -34.2337     -53.5080     -87.7417
          536     -34.7006     -48.3602     -83.0609
          537     -33.9444     -45.6468     -79.5912
          538     -37.2847     -51.5215     -88.8061
          539     -35.4088     -49.3296     -84.7384
          540     -30.2527     -50.2548     -80.5075
          541     -26.2204     -51.9210     -78.1414
          542     -32.0564     -46.9193     -78.9758
          543     -32.1636     -50.3028     -82.4664
          544     -39.0376     -49.3120     -88.3496
          545     -29.4277     -53.2885     -82.7162
          546     -31.2298     -55.7194     -86.9492
          547     -34.1587     -50.1474     -84.3061
          548     -26.8288     -53.5296     -80.3584
          549     -26.2714     -52.1619     -78.4334
          550     -27.7478     -55.6087     -83.3566
          551     -25.5248     -54.0858     -79.6106
          552     -32.8516     -51.4572     -84.3088
          553     -27.0385     -55.2554     -82.2939
          554     -27.4118     -50.1447     -77.5566
          555     -28.0272     -54.8368     -82.8641
          556     -28.8194     -54.0330     -82.8524
          557     -27.9171     -55.1187     -83.0359
          558     -30.1891     -52.1178     -82.3069
          559     -29.8710     -59.0318     -88.9028
          560     -27.3955     -53.3967     -80.7922
          561     -29.0273     -49.5446     -78.5719
          562     -26.7203     -53.0325     -79.7529
          563     -39.2656     -42.1887     -81.4543
          564     -29.7664     -50.9435     -80.7099
          565     -30.8111     -48.4546     -79.2657
          566     -31.3419     -53.3831     -84.7249
          567     -24.9958     -56.7272     -81.7231
          568     -24.5716     -53.0257     -77.5973
          569     -27.7356     -50.2901     -78.0257
          570     -27.9728     -52.7197     -80.6925
          571     -25.2014     -52.6678     -77.8692
          572     -30.1977     -54.1922     -84.3900
          573     -24.1176     -54.0109     -78.1285
          574     -30.4610     -47.0132     -77.4742
          575     -36.8241     -49.5422     -86.3663
          576     -28.7083     -55.3868     -84.0951
          577     -30.2650     -47.1097     -77.3747
          578     -25.1889     -51.5082     -76.6971
          579     -28.5977     -51.7052     -80.3030
          580     -25.9484     -55.4348     -81.3832
          581     -26.1143     -50.3158     -76.4301
          582     -29.7973     -52.2871     -82.0844
          583     -33.0676     -52.8714     -85.9389
          584     -33.6434     -46.3439     -79.9873
          585     -31.6234     -53.6819     -85.3053
          586     -26.6711     -51.9336     -78.6047
          587     -28.6523     -54.2402     -82.8925
          588     -24.4556     -48.3782     -72.8338
          589     -26.0798     -55.8051     -81.8849
          590     -27.8460     -47.9050     -75.7509
          591     -30.6004     -50.1525     -80.7529
          592     -29.3020     -45.0321     -74.3341
          593     -26.2743     -56.4780     -82.7523
          594     -28.1716     -54.8108     -82.9824
          595     -32.6009     -46.0011     -78.6020
          596     -29.2252     -54.7097     -83.9349
          597     -29.5284     -55.1969     -84.7253
          598     -43.4710     -51.1256     -94.5967
          599     -46.2719     -50.7802     -97.0521
          600     -28.5144     -53.8962     -82.4105
          601     -39.4976     -54.6087     -94.1063
          602     -32.2412     -50.8946     -83.1358
          603     -38.0105     -51.5025     -89.5130
          604     -34.4585     -50.0603     -84.5188
          605     -28.5982     -55.5276     -84.1258
          606     -23.5739     -55.1439     -78.7179
          607     -25.4567     -50.0276     -75.4842
          608     -31.8338     -53.4668     -85.3006
          609     -32.4250     -51.6702     -84.0952
          610     -27.8851     -53.0188     -80.9039
          611     -29.9882     -49.2990     -79.2872
          612     -33.1409     -48.6203     -81.7612
          613     -25.7042     -57.3514     -83.0556
          614     -32.3536     -52.8957     -85.2494
          615     -30.3680     -55.0159     -85.3839
          616     -29.4510     -52.2891     -81.7401
          617     -32.5104     -57.2573     -89.7677
          618     -31.8772     -51.5233     -83.4005
          619     -31.7510     -54.7975     -86.5485
          620     -32.2057     -55.0230     -87.2287
          621     -31.5681     -55.2083     -86.7764
          622     -37.4302     -53.5860     -91.0162
          623     -32.1588     -52.5295     -84.6883
          624     -43.6008     -45.2784     -88.8792
          625     -42.7833     -48.1943     -90.9775
          626     -26.9724     -55.0822     -82.0546
          627     -37.0217     -41.1015     -78.1232
          628     -40.2879     -40.8145     -81.1024
          629     -30.1966     -56.2975     -86.4941
          630     -26.9301     -50.4533     -77.3834
          631     -34.9164     -50.5789     -85.4953
          632     -32.3979     -52.7222     -85.1201
          633     -40.1845     -51.3142     -91.4987
          634     -32.1861     -49.1718     -81.3579
          635     -40.3489     -52.8056     -93.1545
          636     -35.9301     -52.4101     -88.3402
          637     -24.9633     -55.1403     -80.1035
          638     -34.3483     -50.9894     -85.3376
          639     -32.6451     -48.4182     -81.0633
          640     -33.0171     -49.3591     -82.3762
          641     -28.4334     -51.8339     -80.2673
          642     -32.8463     -53.8254     -86.6717
          643     -36.4659     -49.1466     -85.6126
          644     -33.8763     -50.2555     -84.1319
          645     -22.2586     -51.6920     -73.9506
          646     -29.0342     -54.8701     -83.9043
          647     -31.5337     -51.9796     -83.5133
          648     -23.5496     -55.9097     -79.4593
          649     -44.6055     -47.0009     -91.6064
          650     -47.7152     -48.6516     -96.3668
          651     -31.6331     -52.3725     -84.0056
          652     -43.9680     -51.9261     -95.8940
          653     -46.7994     -51.7555     -98.5548
          654     -46.2748     -49.1066     -95.3814
          655     -44.9664     -52.0324     -96.9988
          656     -41.3520     -50.2870     -91.6390
          657     -38.4051     -51.3041     -89.7092
          658     -45.0965     -49.5141     -94.6106
          659     -36.9097     -49.5064     -86.4161
          660     -45.2087     -45.3993     -90.6080
          661     -38.3389     -51.2629     -89.6018
          662     -37.9305     -51.3472     -89.2777
          663     -44.0979     -44.1010     -88.1989
          664     -41.6258     -43.8343     -85.4601
          665     -37.7024     -51.5562     -89.2586
          666     -41.8790     -48.5445     -90.4234
          667     -40.2863     -52.2637     -92.5500
          668     -48.6670     -47.1144     -95.7814
          669     -41.5338     -49.7435     -91.2773
          670     -44.9872     -49.8570     -94.8443
          671     -39.6061     -47.9424     -87.5485
          672     -56.2592     -44.9138    -101.1729
          673     -43.2468     -51.2855     -94.5323
          674     -47.8442     -51.8461     -99.6903
          675     -46.2082     -44.0596     -90.2679
          676     -42.3925     -47.7431     -90.1356
          677     -40.3459     -51.9721     -92.3181
          678     -44.4830     -48.9827     -93.4657
          679     -39.0594     -48.8048     -87.8643
          680     -44.5215     -45.4429     -89.9645
          681     -37.9563     -47.2912     -85.2476
          682     -46.1155     -51.6164     -97.7319
          683     -42.8485     -50.0004     -92.8488
          684     -39.6519     -41.8090     -81.4609
          685     -33.1125     -48.2883     -81.4008
          686     -36.1442     -49.9737     -86.1178
          687     -31.5812     -50.5112     -82.0924
          688     -45.6135     -47.9940     -93.6075
          689     -38.7273     -55.4340     -94.1614
          690     -41.0981     -45.8485     -86.9466
          691     -43.6549     -47.5535     -91.2085
          692     -45.1815     -50.6815     -95.8630
          693     -36.2518     -50.0726     -86.3244
          694     -45.7168     -43.8446     -89.5614
          695     -41.6329     -46.9151     -88.5480
          696     -25.4105     -50.6943     -76.1048
          697     -34.1558     -54.8702     -89.0260
          698     -42.9362     -43.3676     -86.3038
          699     -34.2228     -51.1375     -85.3603
          700     -38.3685     -52.3158     -90.6844
          701     -38.8097     -47.7243     -86.5340
          702     -43.1100     -47.1868     -90.2967
          703     -40.0110     -50.4158     -90.4268
          704     -38.7251     -53.8113     -92.5364
          705     -47.2870     -50.4721     -97.7591
          706     -39.3992     -47.9502     -87.3494
          707     -38.8290     -54.1383     -92.9673
          708     -38.2074     -52.9562     -91.1636
          709     -38.4436     -47.1101     -85.5537
          710     -42.1429     -52.1578     -94.3007
          711     -44.5062     -49.0480     -93.5542
          712     -40.3932     -56.0019     -96.3951
          713     -39.2865     -52.3595     -91.6459
          714     -39.0688     -48.7196     -87.7884
          715     -40.7579     -49.8938     -90.6517
          716     -38.0616     -52.5373     -90.5989
          717     -37.8968     -53.7311     -91.6280
          718     -48.6871     -49.4400     -98.1271
          719     -38.4635     -53.9597     -92.4232
          720     -46.6839     -47.0883     -93.7722
          721     -42.5073     -47.4380     -89.9453
          722     -32.0061     -48.4995     -80.5056
          723     -18.4272     -52.6376     -71.0648
          724     -53.4547     -44.3117     -97.7663
          725     -41.3707     -42.1131     -83.4838
          726     -44.5052     -50.1585     -94.6637
          727     -39.7849     -46.7143     -86.4992
          728     -39.3534     -47.1577     -86.5112
          729     -41.2882     -48.7725     -90.0607
          730     -47.2110     -47.2115     -94.4225
          731     -34.7826     -52.3122     -87.0948
          732     -38.9490     -53.4201     -92.3691
          733     -44.0609     -51.0927     -95.1536
          734     -43.3321     -46.1980     -89.5300
          735     -46.6231     -53.1865     -99.8095
          736     -44.9716     -47.4853     -92.4569
          737     -43.5566     -51.9028     -95.4594
          738     -41.5390     -51.0221     -92.5611
          739     -47.1166     -43.0432     -90.1598
          740     -42.0513     -48.8659     -90.9172
          741     -37.7057     -52.1281     -89.8338
          742     -49.7746     -45.8543     -95.6289
          743     -46.3681     -52.0066     -98.3747
          744     -42.4731     -48.8882     -91.3613
          745     -35.3156     -48.2775     -83.5931
          746     -34.6375     -53.7749     -88.4124
          747     -42.2437     -49.1605     -91.4042
          748     -37.2783     -50.1002     -87.3785
          749     -41.5305     -52.9365     -94.4670
          750     -36.5204     -52.7493     -89.2697
          751     -26.7739     -56.5644     -83.3383
          752     -39.1629     -53.2482     -92.4111
          753     -48.1913     -49.3168     -97.5082
          754     -42.9176     -48.0575     -90.9751
          755     -45.8368     -49.2874     -95.1241
          756     -39.8784     -50.5417     -90.4201
          757     -25.7988     -52.6200     -78.4187
          758     -27.2833     -51.5119     -78.7951
          759     -27.8351     -50.1911     -78.0262
          760     -27.2230     -52.7692     -79.9922
          761     -33.9331     -51.4277     -85.3607
          762     -35.7609     -53.4241     -89.1851
          763     -41.3505     -52.5611     -93.9116
          764     -43.5845     -47.6740     -91.2585
          765     -40.3002     -51.5139     -91.8140
          766     -36.8213     -48.3736     -85.1949
          767     -45.6631     -47.9170     -93.5801
          768     -50.1855     -47.9605     -98.1460
          769     -41.9898     -51.4806     -93.4703
          770     -33.8246     -52.2317     -86.0563
          771     -43.5391     -47.7123     -91.2514
          772     -41.7675     -49.0897     -90.8572
          773     -37.7549     -55.3298     -93.0847
          774     -40.2047     -48.2691     -88.4738
          775     -49.6098     -49.5229     -99.1327
          776     -40.7314     -52.4829     -93.2143
          777     -44.2890     -48.0246     -92.3136
          778     -42.4107     -48.1318     -90.5426
          779     -40.5098     -51.0585     -91.5683
          780     -41.0445     -52.7933     -93.8378
          781     -35.0726     -50.5300     -85.6026
          782     -36.5753     -52.7834     -89.3588
          783     -40.8859     -50.4706     -91.3566
          784     -50.2496     -45.8680     -96.1176
          785     -51.4807     -48.3041     -99.7848
          786     -41.5943     -51.1405     -92.7348
          787     -41.1178     -49.0010     -90.1188
          788     -47.1946     -46.9972     -94.1919
          789     -41.7288     -48.2219     -89.9507
          790     -49.9397     -41.0787     -91.0184
          791     -36.5762     -48.6812     -85.2574
          792     -25.2356     -50.7247     -75.9603
          793     -38.3701     -47.3918     -85.7619
          794     -41.2437     -47.5988     -88.8425
          795     -38.5562     -56.7488     -95.3050
          796     -38.8460     -51.8569     -90.7029
          797     -44.8858     -49.3598     -94.2456
          798     -40.8698     -49.1495     -90.0193
          799     -39.1142     -51.8380     -90.9522
          800     -46.7304     -47.2568     -93.9872
          801     -44.3272     -48.2437     -92.5709
          802     -52.5911     -44.9161     -97.5072
          803     -40.2386     -55.0754     -95.3140
          804     -45.2079     -48.9308     -94.1387
          805     -46.0695     -49.3516     -95.4211
          806     -42.8272     -50.3443     -93.1715
          807     -39.3163     -50.3173     -89.6335
          808     -37.8161     -47.9632     -85.7793
          809     -44.7338     -51.8427     -96.5765
          810     -36.4090     -51.6820     -88.0910
          811     -38.1962     -48.9484     -87.1447
          812     -37.3219     -51.9649     -89.2868
          813     -36.9327     -51.7238     -88.6565
          814     -39.6856     -47.0409     -86.7264
          815     -44.4484     -43.8011     -88.2494
          816     -34.4782     -54.2668     -88.7449
          817     -43.2300     -46.3876     -89.6176
          818     -36.9031     -47.9993     -84.9024
          819     -37.0028     -51.6518     -88.6546
          820     -48.5356     -44.1998     -92.7354
          821     -39.2911     -52.5564     -91.8475
          822     -41.1391     -48.2831     -89.4223
          823     -47.9338     -45.2317     -93.1655
          824     -45.7501     -52.0895     -97.8396
          825     -37.1051     -52.5049     -89.6100
          826     -45.9210     -52.7095     -98.6305
          827     -44.6034     -51.1260     -95.7295
          828     -44.0133     -50.4511     -94.4645
          829     -43.0752     -48.0180     -91.0931
          830     -40.8626     -53.9407     -94.8034
          831     -44.5448     -46.3086     -90.8534
          832     -48.1663     -44.0107     -92.1770
          833     -49.4548     -47.2060     -96.6608
          834     -42.6683     -53.5693     -96.2376
          835     -42.7368     -51.9344     -94.6712
          836     -41.1609     -49.7336     -90.8945
          837     -40.3110     -51.8038     -92.1148
          838     -47.0958     -47.5612     -94.6570
          839     -37.7551     -55.7267     -93.4819
          840     -56.5693     -45.1397    -101.7091
          841     -35.7877     -48.9809     -84.7687
          842     -44.7471     -50.2537     -95.0008
          843     -44.1517     -47.7845     -91.9362
          844     -48.7407     -47.3057     -96.0464
          845     -46.3792     -47.9376     -94.3168
          846     -48.8125     -43.8666     -92.6791
          847     -31.6054     -52.6065     -84.2119
          848     -39.6022     -48.3937     -87.9959
          849     -29.5093     -49.5617     -79.0710
          850     -31.1473     -49.2091     -80.3564
          851     -33.8436     -48.1936     -82.0371
          852     -27.5955     -48.4195     -76.0150
          853     -31.2014     -50.6113     -81.8127
          854     -28.7026     -50.6779     -79.3805
          855     -33.6645     -53.9766     -87.6411
          856     -34.2280     -50.0995     -84.3275
          857     -37.1425     -48.9347     -86.0772
          858     -28.1864     -57.3895     -85.5759
          859     -27.0139     -53.1347     -80.1486
          860     -35.9932     -53.0884     -89.0816
          861     -30.6821     -50.8474     -81.5296
          862     -19.5954     -55.3160     -74.9114
          863     -25.1766     -55.2381     -80.4147
          864     -33.2512     -50.8138     -84.0649
          865     -31.5339     -53.6078     -85.1416
          866     -35.5476     -49.5839     -85.1315
          867     -41.4099     -49.0863     -90.4961
          868     -31.4475     -49.0063     -80.4538
          869     -46.7048     -45.3613     -92.0660
          870     -46.1922     -45.9384     -92.1306
          871     -39.6980     -48.3274     -88.0254
          872     -34.9813     -52.6740     -87.6553
          873     -36.5316     -49.6025     -86.1341
          874     -46.0533     -49.7469     -95.8001
          875     -47.9902     -48.8006     -96.7908
          876     -34.9046     -55.0171     -89.9218
          877     -50.0374     -45.4609     -95.4982
          878     -39.6120     -49.4387     -89.0507
          879     -44.3470     -50.2134     -94.5605
          880     -40.3496     -51.3431     -91.6927
          881     -39.4701     -47.2585     -86.7286
          882     -41.5143     -49.2813     -90.7956
          883     -44.1094     -52.4130     -96.5224
          884     -37.6768     -51.8835     -89.5603
          885     -40.7042     -50.4496     -91.1538
          886     -47.3242     -48.9962     -96.3204
          887     -41.1367     -45.2487     -86.3854
          888     -41.1077     -47.5792     -88.6869
          889     -40.7843     -48.6724     -89.4567
          890     -39.4350     -50.5908     -90.0258
          891     -54.2463     -48.5386    -102.7849
          892     -42.7502     -44.9091     -87.6594
          893     -40.9231     -48.8804     -89.8035
          894     -36.7635     -50.4236     -87.1871
          895     -40.5605     -48.4825     -89.0430
          896     -41.6847     -49.6534     -91.3381
          897     -31.0564     -52.6532     -83.7097
          898     -42.7090     -48.5998     -91.3088
          899     -42.6091     -47.9430     -90.5521
          900     -32.4530     -50.7693     -83.2224
          901     -32.5055     -50.8672     -83.3726
          902     -26.0732     -52.2195     -78.2927
          903     -34.2182     -53.2147     -87.4329
          904     -35.4776     -48.4570     -83.9346
          905     -43.2793     -49.4084     -92.6877
          906     -37.0075     -49.6428     -86.6503
          907     -36.4323     -50.7994     -87.2316
          908     -39.3584     -48.3531     -87.7115
          909     -47.5031     -45.5605     -93.0636
          910     -50.8056     -44.6553     -95.4609
          911     -39.2534     -47.0584     -86.3118
          912     -49.4241     -45.5025     -94.9266
          913     -47.9542     -47.7752     -95.7293
          914     -43.6065     -49.2763     -92.8828
          915     -43.4395     -45.9205     -89.3600
          916     -51.0090     -44.5172     -95.5261
          917     -39.5358     -51.5949     -91.1307
          918     -36.0502     -50.7518     -86.8020
          919     -30.9159     -53.6922     -84.6081
          920     -40.9089     -53.3864     -94.2953
          921     -36.4081     -50.5199     -86.9280
          922     -41.7308     -51.4324     -93.1632
          923     -46.2046     -50.4703     -96.6749
          924     -33.1073     -55.0090     -88.1163
          925     -26.0703     -53.7161     -79.7865
          926     -26.8780     -51.3519     -78.2299
          927     -35.6849     -47.2121     -82.8970
          928     -26.7798     -55.6891     -82.4690
          929     -31.5422     -50.9503     -82.4924
          930     -45.1037     -42.7245     -87.8281
          931     -46.6187     -45.5835     -92.2022
          932     -42.0651     -53.8483     -95.9134
          933     -52.7152     -45.3783     -98.0936
          934     -48.6572     -47.5245     -96.1817
          935     -32.2627     -54.4362     -86.6988
          936     -43.5749     -49.4260     -93.0009
          937     -41.5349     -51.0888     -92.6237
          938     -55.7734     -44.2859    -100.0593
          939     -36.3510     -57.6339     -93.9849
          940     -33.6665     -51.3966     -85.0631
          941     -45.5784     -48.3717     -93.9501
          942     -31.5469     -50.1083     -81.6552
          943     -31.5019     -50.7298     -82.2317
          944     -29.4600     -53.5550     -83.0150
          945     -30.2406     -51.4339     -81.6745
          946     -30.8963     -48.6722     -79.5685
          947     -27.6935     -55.2240     -82.9176
          948     -33.6373     -50.1774     -83.8147
          949     -14.6229     -52.3402     -66.9631
          950     -28.2119     -47.7959     -76.0079
          951     -31.1028     -50.1898     -81.2926
          952     -34.8186     -49.4465     -84.2651
          953     -33.0352     -48.0301     -81.0652
          954     -24.5809     -50.3970     -74.9778
          955     -30.1957     -57.9548     -88.1506
          956     -23.4578     -57.5164     -80.9742
          957     -35.9371     -49.4667     -85.4038
          958     -31.0272     -49.8172     -80.8444
          959     -29.5383     -54.6976     -84.2359
          960     -29.1859     -53.2975     -82.4833
          961     -34.8412     -52.4819     -87.3231
          962     -33.6305     -51.4541     -85.0846
          963     -27.1110     -53.6585     -80.7694
          964     -33.2011     -52.0317     -85.2328
          965     -26.8252     -54.9501     -81.7753
          966     -34.1946     -50.9344     -85.1290
          967     -33.2532     -52.8892     -86.1424
          968     -36.3715     -52.4911     -88.8626
          969     -27.7234     -54.9387     -82.6621
          970     -26.4089     -54.0958     -80.5047
          971     -34.9456     -47.3501     -82.2956
          972     -30.6061     -51.8423     -82.4484
          973     -29.6275     -54.8777     -84.5052
          974     -25.4360     -53.4247     -78.8607
          975     -28.4985     -53.8684     -82.3669
          976     -35.5251     -51.3151     -86.8402
          977     -30.2203     -47.0464     -77.2667
          978     -30.9223     -48.3702     -79.2924
          979     -30.4379     -50.7074     -81.1453
          980     -22.4515     -55.3606     -77.8121
          981     -38.3250     -50.0974     -88.4224
          982     -35.4127     -50.3363     -85.7490
          983     -27.2316     -50.6868     -77.9184
          984     -31.2776     -50.9901     -82.2677
          985     -31.4186     -49.4544     -80.8730
          986     -31.7730     -49.6822     -81.4551
          987     -24.7758     -54.3923     -79.1681
          988     -32.9829     -54.7091     -87.6920
          989     -21.6894     -50.5992     -72.2886
          990     -34.5880     -49.2523     -83.8403
          991     -29.0660     -51.7105     -80.7765
          992     -29.4977     -50.0055     -79.5032
          993     -30.3328     -50.1616     -80.4945
          994     -28.0809     -53.1872     -81.2680
          995     -27.0357     -54.3238     -81.3595
          996     -30.5283     -49.2671     -79.7955
          997     -31.7269     -53.7331     -85.4600
          998     -48.0908     -47.4239     -95.5148
          999     -33.8962     -49.7618     -83.6580
         1000     -24.1609     -53.1591     -77.3200
