# Reading prmtop information...
#%VERSION  VERSION_STAMP = V0001.000  DATE = 02/27/23  14:18:31                  
# N: 49205 Ntypes: 27 Nres: 15294 NPH: 1 NNB:83555
# There is a cubic periodic box. IFBOX = 1.
# Prmtop file ../../leap/AS4/MR-AS4.prmtop read successfully!
#
# Define the format of the trajectory file: 
#
# 	 1) AMBER MDCRD FILE
# 	 2) GZIPPED AMBER MDCRD FILE
# 	 3) NETCDF FORMAT FILE
# 	 4) CHARMM DCD FORMAT FILE
#
# Enter your choice number: #
# Choose your option for energy calculations:
#
# 	 1) Ligand - Protein interaction calculations
# 	 2) Ligand - Environment interaction calculations
# 	 3) Ligand - Solvent interaction calculations
# 	 4) Selection - Selection interaction calculations
# 	 5) Protein Internal Energy Calculations
# 	 6) Multiple Selection - Multiple Selection Calculations
# 	 7) Multiple Selection - Multiple Selection w/ Chuncks Calculations
#
# Enter your choice number: # Define your ligand residue number: # You selected atoms 1 (C1) to 54 (H28)
# And atom 1 (C1) to 54 (H28).
# NetCDF Frame dimension: 1000
# NetCDF number of atoms: 49205
#        Step         Elec          VDW        Total
            1     -23.6295     -55.5083     -79.1378
            2     -30.1826     -57.4597     -87.6422
            3     -35.2415     -55.1631     -90.4046
            4     -30.4835     -55.0702     -85.5537
            5     -28.7430     -55.5371     -84.2800
            6     -28.8464     -58.2121     -87.0585
            7     -34.6511     -52.5682     -87.2194
            8     -32.0617     -53.2998     -85.3615
            9     -26.6021     -55.4530     -82.0551
           10     -32.1880     -55.9840     -88.1720
           11     -34.5070     -47.7574     -82.2644
           12     -26.5799     -56.7798     -83.3596
           13     -28.3505     -57.1686     -85.5191
           14     -28.9809     -53.6200     -82.6009
           15     -33.5061     -55.8988     -89.4049
           16     -29.6418     -54.1367     -83.7785
           17     -36.8398     -57.5290     -94.3688
           18     -30.7439     -57.4889     -88.2329
           19     -36.3647     -52.2560     -88.6207
           20     -34.9819     -52.3973     -87.3792
           21     -31.1469     -57.5213     -88.6682
           22     -36.4979     -49.7420     -86.2399
           23     -33.1805     -53.8592     -87.0397
           24     -32.5078     -54.7598     -87.2675
           25     -32.9601     -56.2575     -89.2175
           26     -25.9520     -56.3685     -82.3205
           27     -44.0486     -48.0970     -92.1456
           28     -40.7003     -51.2279     -91.9282
           29     -39.8085     -54.8812     -94.6897
           30     -36.6033     -55.0074     -91.6107
           31     -33.7273     -52.9026     -86.6298
           32     -41.1941     -51.7680     -92.9621
           33     -39.4989     -54.6564     -94.1553
           34     -41.7964     -50.5444     -92.3407
           35     -36.3725     -49.1775     -85.5500
           36     -27.0058     -55.5520     -82.5578
           37     -39.4476     -50.6421     -90.0897
           38     -34.8604     -51.9175     -86.7779
           39     -40.7254     -52.3710     -93.0964
           40     -40.2822     -51.8498     -92.1320
           41     -44.8189     -50.2130     -95.0319
           42     -36.5200     -54.3985     -90.9186
           43     -31.8262     -55.6623     -87.4885
           44     -24.7809     -56.0962     -80.8771
           45     -31.3417     -51.5180     -82.8597
           46     -36.2300     -53.7680     -89.9981
           47     -40.8531     -52.2803     -93.1335
           48     -41.4876     -50.4128     -91.9004
           49     -39.2197     -55.6059     -94.8257
           50     -34.0902     -52.6196     -86.7098
           51     -28.6554     -47.1945     -75.8499
           52     -28.4036     -54.8618     -83.2654
           53     -32.8884     -55.3515     -88.2398
           54     -35.4694     -53.7673     -89.2367
           55     -26.4699     -56.4245     -82.8944
           56     -39.1221     -50.1995     -89.3217
           57     -36.3211     -45.2115     -81.5326
           58     -33.0584     -54.6395     -87.6979
           59     -29.5849     -52.4776     -82.0626
           60     -32.6862     -54.8631     -87.5493
           61     -27.8594     -57.0401     -84.8995
           62     -40.3626     -54.6338     -94.9964
           63     -31.0261     -53.7764     -84.8025
           64     -29.2909     -53.1269     -82.4179
           65     -26.4228     -48.6241     -75.0468
           66     -24.6087     -57.3586     -81.9673
           67     -40.6350     -49.7172     -90.3523
           68     -31.1425     -57.4283     -88.5708
           69     -25.3741     -56.1372     -81.5113
           70     -34.9108     -54.3825     -89.2932
           71     -28.7572     -52.7449     -81.5021
           72     -30.1481     -54.1057     -84.2538
           73     -24.5403     -52.9929     -77.5332
           74     -30.6059     -50.8872     -81.4931
           75     -37.3122     -51.6924     -89.0046
           76     -29.3810     -57.3280     -86.7090
           77     -33.2778     -48.1368     -81.4146
           78     -34.3880     -54.2518     -88.6398
           79     -26.7672     -56.5594     -83.3266
           80     -32.5060     -56.8643     -89.3703
           81     -22.6277     -55.2224     -77.8501
           82     -34.5316     -48.7236     -83.2552
           83     -35.9599     -53.7774     -89.7372
           84     -36.8958     -52.1211     -89.0169
           85     -40.3090     -50.6752     -90.9842
           86     -33.4183     -51.7691     -85.1874
           87     -38.9883     -52.8982     -91.8864
           88     -27.5831     -50.4291     -78.0122
           89     -38.4628     -49.3999     -87.8627
           90     -38.7856     -54.2597     -93.0453
           91     -31.8681     -57.0494     -88.9176
           92     -36.6372     -52.1448     -88.7820
           93     -25.3751     -55.5173     -80.8925
           94     -30.7776     -54.3484     -85.1260
           95     -34.5997     -51.9142     -86.5139
           96     -43.5936     -48.3746     -91.9682
           97     -24.2125     -56.5672     -80.7796
           98     -35.6995     -55.7945     -91.4939
           99     -35.9720     -55.4623     -91.4343
          100     -35.3312     -49.6639     -84.9951
          101     -35.4781     -55.8695     -91.3476
          102     -29.6583     -54.8685     -84.5268
          103     -46.0241     -47.9727     -93.9968
          104     -36.7059     -51.2634     -87.9692
          105     -46.0416     -53.1484     -99.1900
          106     -40.6882     -51.1375     -91.8257
          107     -29.2526     -56.5802     -85.8329
          108     -36.5643     -52.8828     -89.4472
          109     -45.3243     -49.6420     -94.9663
          110     -35.4782     -47.7304     -83.2086
          111     -37.7539     -54.1533     -91.9072
          112     -33.6798     -52.9858     -86.6656
          113     -27.2651     -56.1579     -83.4230
          114     -26.3261     -56.6425     -82.9686
          115     -24.8900     -58.0820     -82.9720
          116     -33.8305     -54.6989     -88.5294
          117     -34.7697     -57.9201     -92.6897
          118     -28.5289     -49.7373     -78.2662
          119     -28.9218     -52.2826     -81.2044
          120     -24.3653     -55.0768     -79.4421
          121     -35.1296     -52.4220     -87.5515
          122     -33.9359     -55.7931     -89.7290
          123     -30.5589     -55.2999     -85.8588
          124     -31.8292     -56.1126     -87.9417
          125     -35.8784     -54.7911     -90.6695
          126     -35.0827     -54.3124     -89.3951
          127     -38.1683     -56.1783     -94.3466
          128     -27.0634     -55.7568     -82.8203
          129     -36.3596     -56.3882     -92.7479
          130     -32.1717     -55.5270     -87.6987
          131     -27.6516     -53.4052     -81.0568
          132     -40.5983     -47.7339     -88.3322
          133     -34.5540     -52.5085     -87.0626
          134     -40.6619     -51.7062     -92.3680
          135     -35.1497     -50.6730     -85.8227
          136     -38.5440     -53.8759     -92.4198
          137     -27.7409     -59.7658     -87.5067
          138     -38.3401     -53.2423     -91.5824
          139     -42.4604     -51.7284     -94.1888
          140     -32.5369     -53.6984     -86.2353
          141     -26.2342     -51.0306     -77.2649
          142     -33.1220     -54.0790     -87.2010
          143     -31.5266     -53.1434     -84.6700
          144     -28.6165     -53.3397     -81.9562
          145     -22.7416     -58.4044     -81.1460
          146     -22.8531     -54.3917     -77.2449
          147     -18.6650     -58.8478     -77.5128
          148     -29.7915     -55.2294     -85.0209
          149     -23.0408     -53.6471     -76.6879
          150     -41.9983     -52.3411     -94.3394
          151     -24.5920     -52.7075     -77.2995
          152     -24.3842     -54.3841     -78.7683
          153     -48.4050     -47.1534     -95.5584
          154     -40.2995     -49.7756     -90.0751
          155     -22.8067     -53.4488     -76.2555
          156     -22.3240     -58.2834     -80.6075
          157     -28.0213     -52.4935     -80.5149
          158     -35.9387     -57.3762     -93.3148
          159     -27.2021     -48.9496     -76.1517
          160     -37.3174     -51.6324     -88.9497
          161     -39.2668     -54.7884     -94.0553
          162     -34.2104     -53.1036     -87.3140
          163     -40.6120     -50.4014     -91.0135
          164     -36.9141     -51.1849     -88.0990
          165     -29.4420     -55.7716     -85.2136
          166     -28.0616     -50.7935     -78.8550
          167     -25.9803     -59.4659     -85.4462
          168     -34.1703     -52.9605     -87.1308
          169     -16.7445     -58.7821     -75.5266
          170     -21.6846     -59.2229     -80.9075
          171     -28.5681     -52.4300     -80.9981
          172     -25.9855     -56.4293     -82.4148
          173     -25.3968     -51.8659     -77.2627
          174     -27.9187     -51.4015     -79.3201
          175     -31.1612     -51.3636     -82.5248
          176     -34.7011     -54.9770     -89.6781
          177     -39.1864     -53.0225     -92.2088
          178     -39.1479     -49.8946     -89.0425
          179     -41.9702     -53.2284     -95.1986
          180     -30.8678     -54.5677     -85.4355
          181     -31.2877     -54.2135     -85.5012
          182     -29.0875     -49.3873     -78.4748
          183     -36.7015     -51.7878     -88.4893
          184     -32.6653     -51.9366     -84.6019
          185     -27.8035     -56.1055     -83.9090
          186     -32.9673     -55.1620     -88.1293
          187     -35.3233     -51.7132     -87.0366
          188     -37.8612     -53.9432     -91.8044
          189     -21.8536     -54.4336     -76.2872
          190     -33.1370     -56.0804     -89.2174
          191     -26.9279     -58.2489     -85.1768
          192     -28.7686     -59.3965     -88.1650
          193     -33.7574     -51.7882     -85.5456
          194     -29.0154     -54.0798     -83.0952
          195     -23.6673     -52.8376     -76.5050
          196     -24.6413     -56.0223     -80.6636
          197     -42.3381     -50.3377     -92.6757
          198     -26.9717     -52.1800     -79.1517
          199     -32.5289     -54.4644     -86.9934
          200     -25.0695     -55.4649     -80.5344
          201     -27.3171     -55.5436     -82.8606
          202     -36.5309     -54.4294     -90.9603
          203     -31.9420     -53.8458     -85.7878
          204     -23.6335     -53.3033     -76.9368
          205     -28.6719     -52.4579     -81.1298
          206     -27.0718     -52.9898     -80.0617
          207     -29.3274     -52.7434     -82.0709
          208     -28.6580     -52.2135     -80.8715
          209     -31.5881     -55.5840     -87.1720
          210     -27.4632     -56.9934     -84.4566
          211     -33.5107     -50.2843     -83.7950
          212     -21.0296     -47.3930     -68.4225
          213     -26.5643     -47.4251     -73.9893
          214     -28.7508     -55.7042     -84.4550
          215     -33.2292     -52.0622     -85.2914
          216     -26.8373     -56.5866     -83.4239
          217     -26.1953     -53.3336     -79.5289
          218     -36.6052     -50.9739     -87.5791
          219     -38.1504     -50.8742     -89.0245
          220     -29.9735     -55.0607     -85.0343
          221     -27.2182     -50.5997     -77.8180
          222     -31.3644     -46.8831     -78.2476
          223     -25.5695     -56.3974     -81.9670
          224     -25.1316     -54.4797     -79.6113
          225     -27.5295     -47.5266     -75.0561
          226     -39.8501     -45.1435     -84.9936
          227     -30.5147     -55.4816     -85.9963
          228     -27.5276     -53.9192     -81.4468
          229     -29.5515     -54.9167     -84.4682
          230     -34.0235     -50.2582     -84.2816
          231     -32.2798     -52.9969     -85.2767
          232     -33.3955     -49.6742     -83.0697
          233     -36.2620     -48.7413     -85.0033
          234     -20.2806     -54.6096     -74.8902
          235     -31.8947     -48.8819     -80.7766
          236     -27.7929     -51.2914     -79.0843
          237     -34.0972     -54.8383     -88.9355
          238     -26.0306     -53.8118     -79.8425
          239     -30.4806     -51.3491     -81.8296
          240     -40.4750     -46.1430     -86.6181
          241     -48.8666     -47.7589     -96.6256
          242     -31.6555     -52.4959     -84.1514
          243     -35.3739     -49.2381     -84.6120
          244     -38.2381     -41.2671     -79.5052
          245     -29.0943     -56.1833     -85.2776
          246     -36.6711     -51.0181     -87.6892
          247     -37.9783     -54.4759     -92.4542
          248     -31.9371     -57.5134     -89.4505
          249     -26.6364     -54.8360     -81.4725
          250     -22.6786     -51.5384     -74.2169
          251     -27.3073     -54.4457     -81.7530
          252     -40.7115     -48.5975     -89.3091
          253     -38.0353     -50.4180     -88.4533
          254     -43.6245     -46.7175     -90.3420
          255     -23.7982     -51.8735     -75.6716
          256     -33.3942     -55.1902     -88.5844
          257     -30.4045     -54.6769     -85.0814
          258     -35.0593     -54.0130     -89.0724
          259     -35.3803     -53.4435     -88.8237
          260     -28.1426     -54.0411     -82.1837
          261     -31.3818     -53.9891     -85.3709
          262     -32.0466     -51.3232     -83.3698
          263     -35.3265     -51.7349     -87.0614
          264     -30.8359     -52.1709     -83.0068
          265     -29.9112     -55.2247     -85.1359
          266     -25.9679     -58.0189     -83.9868
          267     -30.0965     -54.8254     -84.9219
          268     -35.8401     -51.8033     -87.6434
          269     -29.7569     -51.7351     -81.4920
          270     -37.5155     -49.9135     -87.4290
          271     -31.0789     -55.4805     -86.5594
          272     -28.2876     -50.2822     -78.5698
          273     -25.9752     -55.5893     -81.5645
          274     -24.3396     -56.1494     -80.4890
          275     -30.5003     -55.6955     -86.1958
          276     -26.5792     -53.3845     -79.9637
          277     -29.4558     -50.7106     -80.1664
          278     -31.7245     -55.1146     -86.8391
          279     -31.7596     -47.6398     -79.3994
          280     -24.8144     -52.4238     -77.2382
          281     -38.2522     -52.7332     -90.9853
          282     -30.0086     -53.5335     -83.5421
          283     -27.6605     -52.9416     -80.6022
          284     -40.9290     -52.1650     -93.0941
          285     -27.0661     -54.9343     -82.0004
          286     -33.0469     -53.9817     -87.0286
          287     -36.6931     -48.7139     -85.4070
          288     -33.2118     -51.5385     -84.7503
          289     -30.7311     -49.7364     -80.4676
          290     -31.0916     -46.2478     -77.3394
          291     -33.0928     -48.2764     -81.3692
          292     -32.8126     -55.0896     -87.9022
          293     -30.3874     -45.8678     -76.2552
          294     -33.1613     -53.3785     -86.5398
          295     -38.2949     -51.7981     -90.0930
          296     -28.3529     -49.3692     -77.7221
          297     -29.5908     -54.9158     -84.5067
          298     -34.9812     -53.8288     -88.8100
          299     -19.5419     -55.4153     -74.9572
          300     -26.6115     -53.6572     -80.2687
          301     -33.2374     -51.3118     -84.5492
          302     -25.8822     -52.1242     -78.0063
          303     -31.2701     -51.4754     -82.7455
          304     -33.5044     -49.9776     -83.4820
          305     -35.6709     -52.4413     -88.1122
          306     -34.0503     -45.6279     -79.6782
          307     -43.8871     -48.7600     -92.6471
          308     -30.3627     -47.0185     -77.3812
          309     -35.8914     -48.7570     -84.6484
          310     -30.7930     -50.6188     -81.4118
          311     -37.0626     -51.0110     -88.0736
          312     -30.2769     -54.5934     -84.8704
          313     -28.3280     -55.0212     -83.3491
          314     -30.0537     -52.4819     -82.5356
          315     -37.1398     -51.8931     -89.0329
          316     -22.4467     -55.4002     -77.8469
          317     -31.3943     -51.6957     -83.0899
          318     -27.0538     -52.3871     -79.4409
          319     -36.4870     -50.1069     -86.5939
          320     -30.1695     -54.0016     -84.1711
          321     -36.5893     -49.5599     -86.1492
          322     -29.1475     -54.8248     -83.9723
          323     -31.2688     -53.6448     -84.9135
          324     -29.5346     -50.3246     -79.8592
          325     -24.8354     -57.7749     -82.6103
          326     -29.2486     -53.4569     -82.7054
          327     -28.8674     -53.5225     -82.3899
          328     -36.4385     -48.1207     -84.5592
          329     -33.5065     -52.4237     -85.9302
          330     -28.9601     -54.4189     -83.3790
          331     -23.9891     -55.1606     -79.1497
          332     -24.3993     -56.0875     -80.4868
          333     -29.7618     -55.8608     -85.6227
          334     -34.6795     -52.4372     -87.1168
          335     -28.6694     -50.8460     -79.5154
          336     -30.0968     -50.7461     -80.8429
          337     -32.0688     -53.3423     -85.4111
          338     -30.7368     -47.0658     -77.8026
          339     -34.5034     -50.8242     -85.3276
          340     -28.2927     -51.3827     -79.6753
          341     -22.6326     -52.2155     -74.8481
          342     -27.2520     -56.0817     -83.3336
          343     -24.8029     -55.5264     -80.3293
          344     -25.4309     -51.2137     -76.6446
          345     -20.1030     -53.2781     -73.3811
          346     -26.8588     -50.9875     -77.8464
          347     -16.2663     -53.1032     -69.3695
          348     -21.5705     -48.6989     -70.2694
          349     -21.4649     -50.2875     -71.7524
          350     -28.5509     -46.2509     -74.8019
          351     -25.3336     -54.3473     -79.6808
          352     -30.9890     -53.2662     -84.2552
          353     -30.3756     -48.8743     -79.2499
          354     -36.1032     -48.4569     -84.5601
          355     -36.1887     -46.1334     -82.3221
          356     -33.6771     -48.2385     -81.9156
          357     -25.4364     -45.2159     -70.6523
          358     -32.0516     -51.4068     -83.4584
          359     -34.9231     -49.1101     -84.0332
          360     -38.6676     -43.5766     -82.2442
          361     -33.8577     -45.6974     -79.5551
          362     -31.0221     -48.1165     -79.1385
          363     -30.6828     -51.0956     -81.7784
          364     -38.5267     -49.4150     -87.9418
          365     -25.6784     -54.7961     -80.4745
          366     -30.9048     -51.3890     -82.2938
          367     -34.6348     -43.7953     -78.4301
          368     -36.1041     -51.7927     -87.8969
          369     -33.1951     -47.8335     -81.0285
          370     -32.7162     -50.3955     -83.1117
          371     -28.1669     -49.0179     -77.1848
          372     -31.2934     -50.1673     -81.4608
          373     -29.3102     -52.8175     -82.1277
          374     -31.4379     -49.0071     -80.4450
          375     -33.8267     -49.1365     -82.9632
          376     -30.3587     -49.3459     -79.7046
          377     -32.4243     -51.7523     -84.1766
          378     -42.8143     -46.0968     -88.9111
          379     -37.7770     -47.4346     -85.2116
          380     -29.4124     -49.6163     -79.0287
          381     -29.9574     -46.0136     -75.9710
          382     -33.8587     -48.5799     -82.4385
          383     -33.0205     -46.9383     -79.9588
          384     -35.9587     -51.3563     -87.3150
          385     -29.7545     -52.4661     -82.2206
          386     -33.8451     -52.1521     -85.9972
          387     -28.4578     -53.8596     -82.3174
          388     -29.8514     -53.5740     -83.4254
          389     -39.3560     -51.5785     -90.9345
          390     -27.9490     -55.1770     -83.1260
          391     -36.7210     -49.5554     -86.2764
          392     -33.5728     -46.6882     -80.2610
          393     -31.9676     -47.7918     -79.7594
          394     -30.6249     -42.3296     -72.9545
          395     -21.4418     -51.0474     -72.4892
          396     -34.3546     -47.2719     -81.6265
          397     -39.3311     -40.9575     -80.2885
          398     -41.1833     -51.2377     -92.4210
          399     -34.1415     -53.2826     -87.4241
          400     -34.8567     -47.5384     -82.3951
          401     -39.6882     -44.5756     -84.2638
          402     -29.9777     -52.2733     -82.2510
          403     -28.6341     -55.1659     -83.8000
          404     -36.6754     -47.5928     -84.2682
          405     -31.7404     -51.8559     -83.5963
          406     -29.8628     -51.1841     -81.0469
          407     -31.0933     -51.9695     -83.0628
          408     -33.3887     -49.9429     -83.3316
          409     -30.2955     -48.6171     -78.9127
          410     -26.2848     -50.2259     -76.5107
          411     -23.5890     -51.0372     -74.6262
          412     -24.1212     -52.2219     -76.3431
          413     -34.2576     -43.6490     -77.9066
          414     -20.8325     -50.7111     -71.5436
          415     -24.5099     -54.1745     -78.6844
          416     -29.9167     -48.9204     -78.8371
          417     -35.7512     -44.9671     -80.7183
          418     -32.4050     -48.0777     -80.4826
          419     -20.1064     -47.0041     -67.1105
          420     -20.9551     -55.3347     -76.2898
          421     -23.7526     -50.8953     -74.6479
          422     -30.5558     -49.3961     -79.9519
          423     -27.9748     -47.7546     -75.7294
          424     -28.7891     -46.4413     -75.2304
          425     -30.7071     -52.2226     -82.9298
          426     -22.4364     -54.0355     -76.4719
          427     -32.4719     -44.9194     -77.3913
          428     -26.0024     -50.5736     -76.5760
          429     -33.5752     -50.0566     -83.6318
          430     -34.2941     -47.6903     -81.9844
          431     -33.2947     -51.3846     -84.6792
          432     -40.1668     -46.6295     -86.7963
          433     -33.5405     -51.0058     -84.5463
          434     -31.9839     -48.0064     -79.9903
          435     -38.4809     -46.8923     -85.3732
          436     -34.1202     -52.6004     -86.7206
          437     -32.1879     -46.9613     -79.1492
          438     -33.2830     -47.0274     -80.3104
          439     -20.8553     -51.8283     -72.6836
          440     -26.4772     -49.5709     -76.0481
          441     -27.8228     -44.6880     -72.5108
          442     -24.6009     -51.5118     -76.1127
          443     -36.1080     -39.3421     -75.4501
          444     -33.2289     -45.7565     -78.9854
          445     -27.6622     -47.2556     -74.9178
          446     -19.3691     -48.3917     -67.7608
          447     -30.3015     -49.4903     -79.7919
          448     -35.9954     -50.7951     -86.7905
          449     -23.6622     -48.2628     -71.9251
          450     -31.0200     -45.8643     -76.8843
          451     -21.6336     -50.2788     -71.9124
          452     -29.9051     -47.7958     -77.7008
          453     -24.2866     -49.2397     -73.5264
          454     -29.4635     -47.3372     -76.8007
          455     -30.7142     -53.8953     -84.6095
          456     -42.3781     -48.9425     -91.3207
          457     -34.1930     -54.2961     -88.4891
          458     -44.8250     -44.1400     -88.9650
          459     -25.2090     -50.4460     -75.6550
          460     -33.4726     -55.6989     -89.1715
          461     -37.2230     -52.7693     -89.9923
          462     -21.9910     -55.4958     -77.4868
          463     -35.4994     -55.8956     -91.3950
          464     -19.9948     -47.7355     -67.7303
          465     -34.7876     -54.2198     -89.0074
          466     -23.6584     -51.4510     -75.1094
          467     -20.0560     -51.8580     -71.9140
          468     -20.1685     -53.3425     -73.5110
          469     -21.2233     -54.4538     -75.6770
          470     -32.8925     -55.4960     -88.3885
          471     -31.7415     -53.6086     -85.3501
          472     -31.5443     -52.2159     -83.7602
          473     -28.9039     -55.3089     -84.2128
          474     -39.1479     -51.5622     -90.7101
          475     -24.3047     -55.4037     -79.7084
          476     -37.6549     -42.9114     -80.5662
          477     -38.3146     -41.3626     -79.6772
          478     -34.9576     -50.8176     -85.7752
          479     -29.9016     -50.5089     -80.4105
          480     -30.4382     -49.2415     -79.6796
          481     -37.2970     -46.1343     -83.4313
          482     -36.2727     -48.8817     -85.1543
          483     -25.2847     -46.7756     -72.0603
          484     -35.4591     -51.0190     -86.4782
          485     -31.9965     -50.9683     -82.9648
          486     -29.2699     -51.5320     -80.8019
          487     -27.4260     -54.3799     -81.8059
          488     -20.7451     -55.7016     -76.4467
          489     -20.7331     -55.6222     -76.3553
          490     -32.4759     -47.9635     -80.4394
          491     -40.9258     -46.3343     -87.2601
          492     -36.1035     -46.7876     -82.8911
          493     -35.1421     -51.1317     -86.2738
          494     -30.2334     -53.6028     -83.8362
          495     -29.7083     -53.1996     -82.9079
          496     -27.2912     -48.0379     -75.3291
          497     -24.6131     -51.9795     -76.5926
          498     -24.4310     -52.6155     -77.0464
          499     -19.5350     -52.2343     -71.7693
          500     -26.3321     -52.5974     -78.9295
          501     -30.9489     -52.7187     -83.6676
          502     -34.9420     -52.4496     -87.3916
          503     -27.4937     -56.2886     -83.7823
          504     -28.4845     -50.8230     -79.3076
          505     -37.3673     -50.6185     -87.9858
          506     -28.3210     -50.1391     -78.4601
          507     -41.9187     -47.7135     -89.6322
          508     -33.8079     -54.0314     -87.8394
          509     -28.8295     -52.6221     -81.4516
          510     -23.5508     -54.8197     -78.3705
          511     -18.5916     -56.0680     -74.6596
          512     -26.3043     -49.0743     -75.3787
          513     -23.9002     -53.9691     -77.8693
          514     -29.9786     -49.4857     -79.4643
          515     -34.6996     -52.3563     -87.0558
          516     -42.7490     -46.2529     -89.0019
          517     -31.0310     -49.8930     -80.9240
          518     -34.3980     -46.8136     -81.2116
          519     -31.5304     -52.5875     -84.1179
          520     -26.8845     -53.3259     -80.2105
          521     -19.3072     -50.6213     -69.9285
          522     -31.5356     -52.6441     -84.1797
          523     -22.7020     -52.1177     -74.8197
          524     -30.2325     -52.6889     -82.9214
          525     -21.5551     -55.1320     -76.6871
          526     -30.6890     -48.4399     -79.1289
          527     -29.3181     -51.1815     -80.4996
          528     -25.3656     -51.9361     -77.3016
          529     -32.5715     -57.5703     -90.1417
          530     -41.6189     -44.6461     -86.2649
          531     -33.0519     -47.9834     -81.0353
          532     -31.9199     -49.3009     -81.2208
          533     -36.1339     -49.6659     -85.7998
          534     -24.2980     -56.0535     -80.3515
          535     -27.5823     -49.8792     -77.4615
          536     -33.3466     -52.1831     -85.5297
          537     -23.1516     -55.3477     -78.4993
          538     -25.2738     -57.0526     -82.3265
          539     -34.0745     -51.2819     -85.3564
          540     -26.1508     -57.3406     -83.4914
          541     -31.7525     -48.2289     -79.9814
          542     -28.1317     -53.4360     -81.5676
          543     -29.6341     -49.3762     -79.0103
          544     -33.6696     -52.3596     -86.0292
          545     -27.6220     -51.8294     -79.4513
          546     -29.6121     -54.4231     -84.0352
          547     -36.0828     -49.5336     -85.6164
          548     -23.2770     -53.1325     -76.4095
          549     -31.9611     -52.5304     -84.4915
          550     -16.9397     -54.7908     -71.7305
          551     -26.5708     -52.7812     -79.3520
          552     -24.5097     -53.6809     -78.1906
          553     -25.0896     -55.6305     -80.7201
          554     -26.4576     -50.3232     -76.7808
          555     -34.6085     -51.0214     -85.6299
          556     -27.0196     -49.0481     -76.0678
          557     -40.7978     -44.8422     -85.6399
          558     -33.4663     -50.6167     -84.0830
          559     -32.9604     -49.7017     -82.6621
          560     -29.6950     -52.5800     -82.2751
          561     -31.5847     -47.2143     -78.7990
          562     -32.8644     -48.5683     -81.4327
          563     -35.2747     -46.5040     -81.7787
          564     -29.9095     -47.6162     -77.5256
          565     -25.8924     -52.9030     -78.7954
          566     -36.6722     -50.0353     -86.7075
          567     -28.3416     -46.6975     -75.0391
          568     -27.7291     -52.6617     -80.3908
          569     -32.2300     -49.0331     -81.2631
          570     -26.4868     -57.7647     -84.2515
          571     -20.7201     -50.4408     -71.1609
          572     -21.1626     -54.1903     -75.3529
          573     -19.6689     -50.6452     -70.3141
          574     -21.7442     -50.4658     -72.2100
          575     -31.6902     -51.9229     -83.6131
          576     -27.3120     -47.0192     -74.3312
          577     -22.9402     -52.2313     -75.1714
          578     -24.3732     -50.7833     -75.1565
          579     -26.9950     -48.1719     -75.1669
          580     -21.4563     -56.3541     -77.8105
          581     -20.7198     -54.1924     -74.9122
          582     -23.1783     -55.3113     -78.4896
          583     -27.1928     -43.6261     -70.8189
          584     -28.1260     -52.6810     -80.8071
          585     -22.3394     -55.3521     -77.6915
          586     -23.3586     -55.3337     -78.6922
          587     -24.9072     -55.3737     -80.2810
          588     -26.8584     -49.1581     -76.0165
          589     -30.1461     -50.6252     -80.7713
          590     -34.3872     -50.1917     -84.5789
          591     -21.0310     -46.9250     -67.9560
          592     -27.8282     -50.8942     -78.7224
          593     -19.0572     -54.5507     -73.6079
          594     -23.8562     -53.6596     -77.5158
          595     -31.9534     -56.1509     -88.1043
          596     -22.7440     -42.2640     -65.0080
          597     -24.8033     -52.7607     -77.5641
          598     -33.2614     -51.8121     -85.0735
          599     -20.9107     -55.5307     -76.4414
          600     -31.7382     -48.5765     -80.3146
          601     -26.6490     -57.6693     -84.3183
          602     -24.8968     -52.2885     -77.1853
          603     -17.9728     -48.1513     -66.1241
          604     -29.6520     -52.1725     -81.8246
          605     -30.4040     -52.2535     -82.6575
          606     -19.6128     -53.8381     -73.4509
          607     -25.0310     -55.0811     -80.1121
          608     -33.6805     -51.8270     -85.5076
          609     -31.0204     -50.4369     -81.4573
          610     -20.5796     -54.4616     -75.0412
          611     -33.2576     -50.2869     -83.5445
          612     -40.1392     -46.8253     -86.9645
          613     -35.7534     -50.5014     -86.2548
          614     -25.0015     -51.8725     -76.8740
          615     -42.1753     -47.0656     -89.2409
          616     -35.3548     -49.8369     -85.1916
          617     -27.7384     -53.3322     -81.0706
          618     -27.6243     -51.0544     -78.6787
          619     -35.1342     -43.6725     -78.8067
          620     -29.4460     -54.8060     -84.2519
          621     -29.7409     -48.1406     -77.8816
          622     -38.5261     -42.4225     -80.9485
          623     -30.6307     -45.6777     -76.3084
          624     -40.3457     -46.8965     -87.2422
          625     -36.2690     -45.5894     -81.8584
          626     -25.0601     -56.1870     -81.2471
          627     -31.7121     -52.6671     -84.3792
          628     -33.9926     -54.9685     -88.9611
          629     -22.6350     -55.1222     -77.7572
          630     -30.5640     -54.2501     -84.8141
          631     -39.8478     -49.2505     -89.0984
          632     -31.5228     -49.2889     -80.8117
          633     -29.3938     -53.4274     -82.8212
          634     -38.3482     -52.5870     -90.9352
          635     -41.2202     -48.4782     -89.6984
          636     -28.8659     -52.8624     -81.7282
          637     -35.2026     -51.9820     -87.1846
          638     -38.5950     -54.5205     -93.1155
          639     -30.5453     -50.1988     -80.7441
          640     -28.9519     -55.3934     -84.3453
          641     -33.8675     -50.5920     -84.4595
          642     -28.5720     -54.2186     -82.7906
          643     -36.1155     -50.4541     -86.5696
          644     -37.2123     -52.8942     -90.1064
          645     -26.5696     -53.2495     -79.8191
          646     -31.9190     -52.7164     -84.6354
          647     -28.6570     -54.7826     -83.4396
          648     -37.7043     -51.6085     -89.3127
          649     -34.1070     -52.6627     -86.7697
          650     -30.2384     -53.1189     -83.3573
          651     -26.4279     -53.2543     -79.6822
          652     -37.2252     -51.5370     -88.7622
          653     -28.7681     -45.0494     -73.8175
          654     -31.3792     -52.4107     -83.7898
          655     -26.6909     -50.9896     -77.6805
          656     -29.2201     -50.5790     -79.7991
          657     -32.6708     -50.1790     -82.8498
          658     -35.7027     -49.7374     -85.4401
          659     -32.9561     -51.3978     -84.3539
          660     -32.0547     -55.2785     -87.3333
          661     -39.9300     -52.9289     -92.8589
          662     -34.1686     -54.5844     -88.7530
          663     -30.8589     -55.7929     -86.6518
          664     -26.9342     -53.5933     -80.5275
          665     -41.8310     -47.6254     -89.4564
          666     -32.8766     -52.6436     -85.5202
          667     -32.4361     -51.6097     -84.0458
          668     -39.0646     -49.5334     -88.5980
          669     -33.4095     -55.9789     -89.3884
          670     -29.9019     -56.0749     -85.9768
          671     -37.1325     -48.3675     -85.5000
          672     -34.9802     -43.6979     -78.6781
          673     -29.7161     -55.2650     -84.9811
          674     -32.3965     -52.0462     -84.4428
          675     -30.5591     -51.9289     -82.4880
          676     -31.1393     -52.2283     -83.3676
          677     -24.5457     -56.0748     -80.6205
          678     -24.0104     -51.1762     -75.1866
          679     -42.8578     -48.4620     -91.3198
          680     -26.3018     -52.6404     -78.9422
          681     -25.6697     -47.3673     -73.0370
          682     -20.8027     -51.7027     -72.5054
          683     -26.9563     -48.7126     -75.6689
          684     -23.5658     -52.4996     -76.0654
          685     -22.4440     -49.2338     -71.6778
          686     -30.5329     -51.7706     -82.3034
          687     -23.6492     -52.6812     -76.3304
          688     -24.8233     -53.4253     -78.2486
          689     -30.7534     -50.4681     -81.2215
          690     -25.7674     -56.0818     -81.8491
          691     -29.9244     -52.7921     -82.7165
          692     -29.8338     -49.3751     -79.2089
          693     -22.9034     -50.4643     -73.3677
          694     -26.8971     -54.3636     -81.2607
          695     -25.0526     -51.7488     -76.8014
          696     -45.4543     -39.8810     -85.3353
          697     -29.9491     -51.2152     -81.1642
          698     -30.7913     -50.4350     -81.2264
          699     -23.7087     -49.1743     -72.8830
          700     -33.6030     -52.8607     -86.4637
          701     -31.5131     -55.5225     -87.0356
          702     -28.3601     -45.8535     -74.2136
          703     -39.4281     -38.9017     -78.3298
          704     -37.2145     -47.3592     -84.5738
          705     -36.8466     -53.0058     -89.8524
          706     -32.9784     -50.9214     -83.8998
          707     -33.0634     -49.7725     -82.8359
          708     -31.8589     -52.9670     -84.8259
          709     -29.2928     -51.9080     -81.2008
          710     -33.2056     -51.5246     -84.7302
          711     -26.4346     -55.4448     -81.8795
          712     -35.9675     -45.9512     -81.9187
          713     -34.6424     -46.7244     -81.3667
          714     -28.0735     -50.3589     -78.4323
          715     -27.2542     -48.6278     -75.8821
          716     -38.2393     -50.5902     -88.8294
          717     -35.3721     -52.8229     -88.1950
          718     -33.2816     -49.6075     -82.8891
          719     -32.3560     -46.5839     -78.9399
          720     -30.7665     -51.0537     -81.8202
          721     -27.6425     -51.0637     -78.7062
          722     -28.2578     -51.1616     -79.4195
          723     -26.5612     -54.8484     -81.4096
          724     -33.0583     -50.3090     -83.3673
          725     -27.6511     -52.8406     -80.4917
          726     -31.6237     -56.8531     -88.4768
          727     -35.7434     -47.0567     -82.8002
          728     -25.3021     -55.8729     -81.1749
          729     -32.1268     -52.9605     -85.0873
          730     -30.3266     -49.1469     -79.4736
          731     -30.7627     -53.5182     -84.2809
          732     -32.2161     -52.6985     -84.9145
          733     -31.1859     -52.5561     -83.7421
          734     -31.3889     -53.6855     -85.0744
          735     -27.8037     -49.3004     -77.1040
          736     -36.0363     -49.3996     -85.4358
          737     -36.3236     -48.2131     -84.5367
          738     -32.4080     -55.3456     -87.7537
          739     -32.1161     -47.9688     -80.0849
          740     -31.6174     -49.0008     -80.6182
          741     -30.2158     -53.3079     -83.5237
          742     -38.7824     -49.3539     -88.1363
          743     -26.5700     -55.1529     -81.7230
          744     -33.6780     -42.0120     -75.6900
          745     -35.2595     -53.3438     -88.6033
          746     -29.1494     -51.1605     -80.3098
          747     -28.3123     -55.2092     -83.5215
          748     -28.5419     -55.0185     -83.5604
          749     -32.7768     -47.0666     -79.8434
          750     -29.3428     -53.7544     -83.0972
          751     -37.6341     -47.2424     -84.8765
          752     -29.7184     -49.9167     -79.6351
          753     -27.0909     -52.3668     -79.4577
          754     -37.0897     -50.3451     -87.4348
          755     -32.3161     -53.7898     -86.1059
          756     -24.2160     -50.1842     -74.4002
          757     -25.8360     -46.4239     -72.2599
          758     -36.7982     -50.2199     -87.0181
          759     -30.4877     -47.0538     -77.5415
          760     -33.2028     -50.2033     -83.4062
          761     -37.7438     -51.9087     -89.6525
          762     -22.9500     -48.7240     -71.6740
          763     -20.7080     -54.9645     -75.6725
          764     -39.8006     -53.4759     -93.2765
          765     -29.5294     -47.2979     -76.8273
          766     -21.3325     -54.6939     -76.0264
          767     -40.5030     -45.3626     -85.8656
          768     -25.7769     -47.3455     -73.1223
          769     -30.5714     -48.2960     -78.8674
          770     -33.9389     -46.0249     -79.9638
          771     -19.6371     -52.2201     -71.8572
          772     -25.4472     -58.5342     -83.9813
          773     -17.9714     -51.8526     -69.8240
          774     -23.7893     -54.7582     -78.5475
          775     -25.8634     -54.7089     -80.5724
          776     -34.6510     -53.5758     -88.2267
          777     -25.3938     -53.4082     -78.8020
          778     -32.9843     -49.9596     -82.9439
          779     -26.7778     -52.4674     -79.2453
          780     -30.3838     -51.2809     -81.6647
          781     -22.0160     -52.2086     -74.2246
          782     -29.6473     -50.1405     -79.7878
          783     -28.1396     -53.7503     -81.8899
          784     -39.0423     -46.2927     -85.3350
          785     -28.6931     -51.0476     -79.7407
          786     -31.1042     -51.6256     -82.7298
          787     -43.1433     -49.6494     -92.7927
          788     -28.7434     -51.4734     -80.2167
          789     -35.1956     -52.9098     -88.1054
          790     -31.6459     -51.0476     -82.6936
          791     -30.3493     -53.6157     -83.9650
          792     -38.6996     -49.9171     -88.6166
          793     -36.5213     -45.0564     -81.5777
          794     -30.2425     -50.2689     -80.5114
          795     -31.4064     -51.1647     -82.5711
          796     -28.1602     -51.7224     -79.8826
          797     -35.5136     -54.0488     -89.5624
          798     -34.3590     -47.0849     -81.4439
          799     -34.3716     -53.8453     -88.2169
          800     -37.6414     -49.1639     -86.8053
          801     -35.0180     -52.0641     -87.0820
          802     -33.2858     -54.2373     -87.5231
          803     -26.2442     -54.7638     -81.0081
          804     -38.0400     -51.3081     -89.3481
          805     -32.0389     -48.7757     -80.8146
          806     -27.8722     -52.6371     -80.5092
          807     -33.8768     -53.7803     -87.6571
          808     -31.0965     -53.3795     -84.4761
          809     -26.6402     -53.0152     -79.6554
          810     -23.9417     -53.5309     -77.4726
          811     -24.7932     -55.4064     -80.1996
          812     -32.0862     -53.2436     -85.3298
          813     -32.8077     -52.1240     -84.9317
          814     -30.3541     -55.1714     -85.5255
          815     -36.8954     -54.7410     -91.6365
          816     -32.1483     -54.3502     -86.4985
          817     -37.0782     -44.1338     -81.2121
          818     -27.1728     -51.9039     -79.0767
          819     -32.5868     -47.6350     -80.2218
          820     -29.0189     -57.4245     -86.4434
          821     -35.2640     -49.5570     -84.8210
          822     -30.3489     -55.1411     -85.4901
          823     -25.9039     -52.6927     -78.5965
          824     -35.6472     -56.1462     -91.7933
          825     -29.0395     -55.1815     -84.2210
          826     -42.5536     -51.3913     -93.9449
          827     -34.8840     -53.4699     -88.3539
          828     -33.5304     -51.8824     -85.4128
          829     -35.6710     -45.8242     -81.4952
          830     -33.6686     -51.2059     -84.8745
          831     -36.8468     -46.9695     -83.8163
          832     -32.6931     -53.5800     -86.2731
          833     -28.8367     -52.4327     -81.2694
          834     -40.6108     -48.5109     -89.1217
          835     -28.3750     -54.1241     -82.4990
          836     -29.4566     -50.1340     -79.5906
          837     -32.4368     -48.6351     -81.0718
          838     -33.1091     -45.0850     -78.1941
          839     -40.0916     -50.1703     -90.2619
          840     -35.0051     -49.6333     -84.6385
          841     -29.9967     -54.0744     -84.0711
          842     -41.5575     -45.0946     -86.6521
          843     -35.3079     -48.0953     -83.4033
          844     -22.9871     -50.3940     -73.3810
          845     -30.5565     -52.0975     -82.6539
          846     -28.2823     -52.8144     -81.0967
          847     -35.7830     -49.4020     -85.1850
          848     -39.2174     -49.1027     -88.3202
          849     -21.9562     -53.9961     -75.9523
          850     -26.8486     -49.6115     -76.4601
          851     -33.3804     -53.3773     -86.7577
          852     -41.7869     -49.2275     -91.0143
          853     -29.6007     -53.0727     -82.6734
          854     -34.4150     -50.6152     -85.0302
          855     -30.7069     -49.1241     -79.8310
          856     -18.6856     -56.7735     -75.4591
          857     -34.3931     -50.3275     -84.7207
          858     -34.8603     -45.4517     -80.3120
          859     -29.2867     -51.3853     -80.6721
          860     -37.8830     -48.7233     -86.6063
          861     -27.0676     -55.3863     -82.4539
          862     -21.3913     -52.6805     -74.0718
          863     -32.0779     -54.0460     -86.1239
          864     -34.0531     -56.3255     -90.3786
          865     -37.1406     -53.2405     -90.3810
          866     -40.6294     -48.6542     -89.2837
          867     -32.0905     -49.2871     -81.3776
          868     -31.4649     -53.6700     -85.1349
          869     -29.3136     -53.4809     -82.7944
          870     -43.4018     -47.7020     -91.1038
          871     -23.6049     -53.7722     -77.3771
          872     -29.4045     -53.5740     -82.9785
          873     -20.2023     -56.1730     -76.3753
          874     -42.3311     -46.6952     -89.0263
          875     -30.1647     -46.9055     -77.0702
          876     -36.3096     -44.1918     -80.5013
          877     -30.8888     -50.0372     -80.9260
          878     -30.4062     -54.8214     -85.2276
          879     -25.3505     -54.3831     -79.7336
          880     -30.0493     -50.9862     -81.0356
          881     -19.7050     -56.3755     -76.0805
          882     -21.4668     -53.9052     -75.3720
          883     -37.6464     -49.1869     -86.8333
          884     -30.4258     -58.2454     -88.6712
          885     -28.2348     -52.8753     -81.1102
          886     -33.5941     -55.4585     -89.0525
          887     -25.4205     -57.3442     -82.7647
          888     -29.3626     -54.5039     -83.8665
          889     -25.1657     -54.2384     -79.4041
          890     -35.9977     -51.2223     -87.2201
          891     -26.9960     -53.6786     -80.6745
          892     -23.7706     -51.3292     -75.0997
          893     -36.6246     -48.9665     -85.5911
          894     -29.0968     -48.2182     -77.3150
          895     -31.4262     -47.8875     -79.3137
          896     -34.2416     -45.9905     -80.2321
          897     -25.4628     -54.8575     -80.3204
          898     -33.7483     -43.9069     -77.6552
          899     -22.7423     -56.0084     -78.7507
          900     -29.4268     -54.9161     -84.3430
          901     -33.1716     -54.5158     -87.6874
          902     -30.4788     -56.0435     -86.5223
          903     -27.8073     -53.8143     -81.6216
          904     -25.9851     -55.6425     -81.6277
          905     -28.4449     -49.9824     -78.4273
          906     -17.1863     -56.2417     -73.4280
          907     -34.5617     -51.6060     -86.1677
          908     -31.1529     -52.6452     -83.7981
          909     -30.5341     -51.4800     -82.0141
          910     -33.7586     -49.1281     -82.8868
          911     -32.1618     -52.4649     -84.6267
          912     -27.1283     -49.0145     -76.1428
          913     -31.3536     -54.0278     -85.3813
          914     -26.1499     -52.5410     -78.6910
          915     -24.3007     -57.4306     -81.7313
          916     -22.5620     -53.4343     -75.9962
          917     -24.8896     -59.3363     -84.2260
          918     -34.0259     -50.1053     -84.1312
          919     -33.7853     -49.4223     -83.2076
          920     -22.6177     -52.6971     -75.3148
          921     -28.6854     -54.6217     -83.3071
          922     -39.8759     -46.4772     -86.3531
          923     -27.1036     -55.6136     -82.7172
          924     -29.5846     -53.2897     -82.8743
          925     -29.6400     -52.8962     -82.5362
          926     -34.9620     -48.1427     -83.1048
          927     -23.3204     -54.3997     -77.7201
          928     -26.3251     -52.6246     -78.9498
          929     -22.7856     -52.3628     -75.1484
          930     -24.9004     -58.3296     -83.2300
          931     -28.4152     -53.7314     -82.1466
          932     -23.1216     -54.6285     -77.7501
          933     -24.6899     -53.9831     -78.6730
          934     -28.5432     -51.9115     -80.4546
          935     -29.9724     -52.2483     -82.2206
          936     -40.9135     -43.1978     -84.1114
          937     -22.7239     -54.9482     -77.6721
          938     -31.2081     -52.2789     -83.4871
          939     -28.6753     -50.2302     -78.9055
          940     -29.1844     -51.7288     -80.9132
          941     -23.6638     -56.3737     -80.0375
          942     -22.0015     -52.6524     -74.6539
          943     -27.7642     -54.2444     -82.0087
          944     -37.7737     -47.6735     -85.4471
          945     -37.9627     -47.3125     -85.2752
          946     -28.1686     -52.8853     -81.0539
          947     -23.2352     -51.3574     -74.5926
          948     -23.5709     -48.9067     -72.4775
          949     -34.4223     -45.2825     -79.7048
          950     -23.1525     -51.1089     -74.2614
          951     -23.9234     -54.3356     -78.2590
          952     -21.6598     -50.0345     -71.6944
          953     -30.0762     -55.1720     -85.2482
          954     -31.2884     -50.4350     -81.7234
          955     -33.2602     -50.8002     -84.0605
          956     -34.8981     -50.0170     -84.9151
          957     -28.4291     -49.1058     -77.5349
          958     -33.0828     -53.2248     -86.3076
          959     -19.1641     -50.5296     -69.6937
          960     -20.2791     -55.1333     -75.4124
          961     -25.6485     -55.5024     -81.1510
          962     -29.1102     -51.2958     -80.4060
          963     -26.7827     -54.7963     -81.5790
          964     -28.1614     -46.7334     -74.8947
          965     -31.7583     -51.1748     -82.9330
          966     -29.1775     -51.3298     -80.5073
          967     -24.7027     -54.8537     -79.5565
          968     -39.4762     -47.0068     -86.4830
          969     -32.6655     -50.1702     -82.8357
          970     -34.3531     -48.6241     -82.9772
          971     -33.3373     -52.1063     -85.4435
          972     -28.7367     -49.4158     -78.1526
          973     -28.3070     -45.9723     -74.2794
          974     -34.7699     -41.8210     -76.5909
          975     -32.9768     -51.0556     -84.0324
          976     -36.3566     -49.0580     -85.4146
          977     -32.3705     -44.1171     -76.4876
          978     -31.2781     -48.2876     -79.5656
          979     -31.1185     -50.5510     -81.6695
          980     -33.5681     -51.5669     -85.1351
          981     -24.6261     -47.5538     -72.1799
          982     -37.9612     -48.8652     -86.8264
          983     -27.3003     -51.8995     -79.1998
          984     -28.1386     -49.5083     -77.6469
          985     -27.3676     -53.5256     -80.8932
          986     -41.3279     -49.4828     -90.8107
          987     -34.6575     -52.4150     -87.0725
          988     -31.3728     -51.9640     -83.3368
          989     -35.1428     -49.7184     -84.8613
          990     -31.7388     -47.9391     -79.6779
          991     -26.9032     -53.9621     -80.8653
          992     -35.2901     -51.0169     -86.3070
          993     -24.4266     -58.8289     -83.2554
          994     -30.4792     -50.5311     -81.0102
          995     -32.0848     -50.6784     -82.7632
          996     -29.0272     -55.0318     -84.0590
          997     -21.8934     -52.4710     -74.3644
          998     -31.6596     -49.4845     -81.1441
          999     -29.2737     -52.5420     -81.8157
         1000     -29.2391     -46.8842     -76.1233
