#Frame     RMSD_00001
       1       0.0000
       2       1.7319
       3       1.6179
       4       1.5047
       5       1.4460
       6       3.1845
       7       3.6304
       8       4.4182
       9       3.8665
      10       3.5342
      11       3.6269
      12       2.8531
      13       3.8138
      14       4.2530
      15       2.6767
      16       1.6463
      17       1.9422
      18       1.8741
      19       2.2434
      20       1.7046
      21       2.0690
      22       2.9362
      23       2.5765
      24       2.8466
      25       2.5781
      26       1.8386
      27       1.5187
      28       1.3737
      29       1.7522
      30       1.6224
      31       1.9671
      32       2.3577
      33       2.7225
      34       1.6233
      35       1.3778
      36       1.8669
      37       1.9026
      38       1.7636
      39       2.2731
      40       1.9893
      41       1.7493
      42       2.3092
      43       1.4469
      44       2.1112
      45       1.8611
      46       2.4472
      47       3.1248
      48       3.1951
      49       2.9879
      50       2.3803
      51       2.2069
      52       2.7606
      53       1.8927
      54       2.4644
      55       1.4699
      56       1.8444
      57       1.9196
      58       1.3420
      59       1.4335
      60       1.4617
      61       2.0005
      62       1.5878
      63       2.0434
      64       1.8024
      65       1.5446
      66       2.3012
      67       2.3934
      68       1.9939
      69       2.3358
      70       2.0732
      71       1.5632
      72       1.4370
      73       1.6748
      74       1.4844
      75       1.3416
      76       1.4012
      77       1.3334
      78       1.2960
      79       1.9331
      80       1.9900
      81       1.4407
      82       1.3815
      83       1.5285
      84       1.3558
      85       1.3245
      86       1.4228
      87       1.6500
      88       1.6962
      89       1.3917
      90       1.3221
      91       1.5961
      92       1.7374
      93       1.7191
      94       2.1523
      95       1.6705
      96       1.6030
      97       1.6664
      98       1.7311
      99       1.4308
     100       1.8765
     101       2.0931
     102       1.3126
     103       1.4060
     104       1.5369
     105       2.1166
     106       1.8848
     107       1.7385
     108       1.7174
     109       1.4977
     110       1.3402
     111       1.5119
     112       2.1953
     113       1.6950
     114       2.2857
     115       2.0293
     116       2.5863
     117       2.7312
     118       2.3539
     119       2.1483
     120       1.7965
     121       2.0752
     122       1.4130
     123       1.8353
     124       1.4759
     125       1.4175
     126       1.8605
     127       1.3898
     128       1.6992
     129       1.6544
     130       1.5075
     131       1.3611
     132       1.7909
     133       1.2044
     134       1.6863
     135       1.5921
     136       1.2959
     137       1.3805
     138       2.0609
     139       2.6896
     140       2.7442
     141       1.2331
     142       2.0413
     143       1.6204
     144       2.5214
     145       2.1970
     146       1.3062
     147       1.4867
     148       1.9333
     149       2.1802
     150       1.7719
     151       2.0165
     152       2.4886
     153       2.1192
     154       2.1869
     155       2.4468
     156       1.4691
     157       1.3422
     158       1.8326
     159       1.7538
     160       2.5785
     161       1.3849
     162       1.9455
     163       1.6368
     164       2.1797
     165       3.1264
     166       2.6732
     167       2.7201
     168       1.4752
     169       1.8864
     170       2.3846
     171       3.3626
     172       2.4726
     173       2.6271
     174       2.9526
     175       3.2632
     176       2.6305
     177       1.3476
     178       1.9404
     179       1.8665
     180       1.8993
     181       1.3358
     182       1.4807
     183       1.6313
     184       1.7465
     185       1.1925
     186       1.7258
     187       1.8994
     188       2.1225
     189       1.8873
     190       1.6470
     191       1.7937
     192       2.0914
     193       2.1148
     194       2.2747
     195       2.3994
     196       2.3720
     197       2.4634
     198       2.2812
     199       2.4758
     200       2.1069
     201       1.5256
     202       1.8936
     203       2.0831
     204       2.2032
     205       2.1657
     206       2.1457
     207       1.9498
     208       1.9563
     209       1.3326
     210       2.1450
     211       2.1607
     212       1.7101
     213       1.9187
     214       2.0458
     215       2.3287
     216       1.7669
     217       2.2417
     218       2.0010
     219       1.9357
     220       2.2597
     221       2.2155
     222       2.2818
     223       1.8227
     224       2.4370
     225       2.4396
     226       2.9428
     227       2.4239
     228       2.4225
     229       2.3184
     230       2.2641
     231       2.4769
     232       2.4406
     233       2.8042
     234       2.4616
     235       2.6234
     236       2.4229
     237       2.4065
     238       2.7665
     239       2.0955
     240       2.4105
     241       2.6988
     242       2.2182
     243       2.4225
     244       2.3691
     245       2.2798
     246       2.2766
     247       2.2265
     248       2.6189
     249       2.5082
     250       2.1715
     251       2.4938
     252       2.6007
     253       2.6066
     254       2.3822
     255       2.3079
     256       2.4131
     257       2.0831
     258       2.2362
     259       2.5901
     260       2.5532
     261       2.4861
     262       2.3129
     263       2.2783
     264       2.2472
     265       2.2823
     266       2.5367
     267       2.1334
     268       2.7119
     269       2.1034
     270       2.5956
     271       2.3788
     272       2.5837
     273       2.7012
     274       2.7653
     275       2.5424
     276       2.2371
     277       2.3104
     278       2.7897
     279       2.6384
     280       2.3792
     281       2.5694
     282       2.5799
     283       2.6692
     284       2.6528
     285       2.2731
     286       2.5072
     287       2.4343
     288       2.6961
     289       2.4912
     290       2.3954
     291       2.6353
     292       2.7497
     293       2.5498
     294       2.5823
     295       2.5781
     296       2.4666
     297       2.8485
     298       2.6387
     299       2.4899
     300       2.6140
     301       2.7110
     302       2.7214
     303       2.6698
     304       2.7712
     305       2.5680
     306       2.9115
     307       2.9838
     308       2.4819
     309       2.5755
     310       1.9222
     311       2.0656
     312       1.6227
     313       2.6599
     314       2.9858
     315       2.0453
     316       2.5962
     317       3.0572
     318       3.0760
     319       2.7653
     320       2.7306
     321       2.2140
     322       2.4750
     323       2.6151
     324       2.2996
     325       2.7726
     326       2.2691
     327       1.9093
     328       3.0452
     329       2.3893
     330       2.9714
     331       2.1580
     332       2.1312
     333       1.7677
     334       2.0123
     335       2.0080
     336       2.2688
     337       2.5837
     338       2.0253
     339       2.2721
     340       2.4228
     341       2.2115
     342       2.1542
     343       2.1290
     344       1.6380
     345       2.4463
     346       2.0499
     347       2.8747
     348       2.6133
     349       2.6798
     350       2.4459
     351       3.6308
     352       2.4678
     353       2.8889
     354       2.8269
     355       2.9878
     356       2.5262
     357       2.9493
     358       3.1855
     359       1.7593
     360       1.4450
     361       1.5222
     362       2.1658
     363       2.4215
     364       2.0352
     365       3.0772
     366       2.6385
     367       2.5454
     368       2.5407
