# Reading prmtop information...
#%VERSION  VERSION_STAMP = V0001.000  DATE = 03/17/23  10:56:49                  
# N: 49212 Ntypes: 23 Nres: 15294 NPH: 1 NNB:83599
# There is a cubic periodic box. IFBOX = 1.
# Prmtop file ../../leap/STR_mut/MR_S810L-STR.prmtop read successfully!
#
# Define the format of the trajectory file: 
#
# 	 1) AMBER MDCRD FILE
# 	 2) GZIPPED AMBER MDCRD FILE
# 	 3) NETCDF FORMAT FILE
# 	 4) CHARMM DCD FORMAT FILE
#
# Enter your choice number: #
# Choose your option for energy calculations:
#
# 	 1) Ligand - Protein interaction calculations
# 	 2) Ligand - Environment interaction calculations
# 	 3) Ligand - Solvent interaction calculations
# 	 4) Selection - Selection interaction calculations
# 	 5) Protein Internal Energy Calculations
# 	 6) Multiple Selection - Multiple Selection Calculations
# 	 7) Multiple Selection - Multiple Selection w/ Chuncks Calculations
#
# Enter your choice number: # Define your ligand residue number: # You selected atoms 1 (C12) to 53 (H30)
# And atom 1 (C12) to 53 (H30).
# NetCDF Frame dimension: 1000
# NetCDF number of atoms: 49212
#        Step         Elec          VDW        Total
            1     -17.5725     -53.4923     -71.0648
            2     -11.4004     -50.7395     -62.1399
            3     -21.8736     -54.0292     -75.9028
            4     -18.7815     -53.0730     -71.8546
            5     -17.0208     -49.1249     -66.1457
            6     -17.4206     -56.3534     -73.7739
            7     -22.6733     -52.7486     -75.4219
            8     -16.8800     -51.2402     -68.1202
            9     -16.8117     -56.0390     -72.8507
           10     -19.6158     -53.5464     -73.1622
           11     -16.9172     -54.3928     -71.3100
           12     -18.2443     -53.5591     -71.8034
           13     -16.5892     -52.8457     -69.4349
           14     -22.9381     -55.0699     -78.0081
           15     -23.5356     -49.8739     -73.4096
           16     -20.8938     -53.3176     -74.2114
           17     -22.3432     -50.1566     -72.4999
           18     -17.6318     -52.7320     -70.3638
           19     -18.0750     -54.7931     -72.8681
           20     -25.3639     -51.3475     -76.7114
           21     -20.3907     -51.2071     -71.5978
           22     -21.0981     -55.6547     -76.7528
           23     -21.1472     -53.7992     -74.9464
           24     -21.3075     -51.6271     -72.9347
           25     -21.0526     -53.7401     -74.7926
           26     -22.2938     -51.7133     -74.0071
           27     -21.9169     -53.7563     -75.6732
           28     -18.6387     -51.6708     -70.3095
           29     -20.1565     -55.8999     -76.0564
           30     -16.2713     -50.1546     -66.4259
           31     -20.2716     -56.6881     -76.9597
           32     -25.0608     -56.7273     -81.7881
           33     -14.6512     -56.3105     -70.9617
           34     -20.0015     -53.1533     -73.1548
           35     -17.6158     -50.9639     -68.5797
           36     -15.3162     -52.2822     -67.5985
           37     -19.4005     -55.6629     -75.0634
           38     -18.3996     -55.4719     -73.8716
           39     -16.0538     -54.4475     -70.5013
           40     -13.4011     -54.2150     -67.6161
           41     -16.7108     -49.9114     -66.6222
           42     -17.2605     -51.6293     -68.8897
           43     -13.5831     -56.4437     -70.0268
           44     -16.7828     -51.8470     -68.6298
           45     -18.9207     -57.0885     -76.0092
           46     -11.2244     -54.1336     -65.3580
           47     -14.1655     -53.6477     -67.8132
           48     -18.0804     -56.8503     -74.9307
           49     -13.3190     -54.5950     -67.9141
           50     -14.7705     -52.6795     -67.4500
           51     -17.3136     -51.4700     -68.7836
           52     -19.1523     -50.2554     -69.4077
           53     -15.2922     -58.0907     -73.3828
           54     -15.6989     -50.1886     -65.8875
           55     -15.6400     -53.7061     -69.3461
           56     -16.5409     -54.1198     -70.6607
           57     -17.7797     -54.8548     -72.6345
           58     -20.8437     -52.8303     -73.6740
           59     -17.7982     -57.5805     -75.3787
           60     -11.6832     -56.3305     -68.0137
           61     -11.7700     -56.1959     -67.9659
           62     -17.1483     -55.3038     -72.4521
           63     -18.5136     -53.2369     -71.7505
           64     -14.7766     -53.7408     -68.5175
           65     -18.5996     -53.0865     -71.6861
           66     -21.6854     -50.4930     -72.1783
           67     -13.9827     -55.7965     -69.7792
           68     -23.9445     -47.8139     -71.7584
           69     -12.0216     -54.8431     -66.8647
           70     -16.2653     -52.6217     -68.8869
           71     -11.1685     -53.4437     -64.6122
           72     -17.4067     -51.2806     -68.6873
           73     -18.1816     -53.5021     -71.6837
           74     -17.9973     -47.4215     -65.4187
           75     -16.2451     -56.6181     -72.8632
           76     -12.6433     -56.4637     -69.1069
           77     -19.2947     -52.2332     -71.5280
           78     -18.6501     -53.3745     -72.0246
           79     -20.4741     -50.6524     -71.1265
           80     -15.9635     -55.7167     -71.6803
           81     -13.0899     -55.7184     -68.8083
           82     -14.1213     -53.5130     -67.6343
           83     -16.9451     -53.8424     -70.7875
           84     -11.0558     -52.5552     -63.6110
           85     -16.4472     -53.1041     -69.5513
           86     -14.0673     -56.1353     -70.2026
           87     -18.8821     -47.0641     -65.9463
           88     -16.9527     -49.5472     -66.4999
           89     -15.5328     -53.9310     -69.4638
           90     -13.8603     -56.3898     -70.2501
           91     -17.7703     -53.2680     -71.0383
           92     -17.2110     -54.4969     -71.7079
           93     -15.5862     -47.4429     -63.0291
           94     -14.7518     -52.1423     -66.8940
           95     -17.3271     -53.2690     -70.5961
           96     -12.4763     -48.8237     -61.3000
           97      -9.6798     -56.0562     -65.7360
           98     -18.7072     -52.0890     -70.7962
           99     -15.6140     -48.9323     -64.5464
          100     -17.7899     -49.9549     -67.7448
          101     -13.8260     -50.1288     -63.9549
          102     -16.7391     -49.2804     -66.0195
          103     -14.9828     -50.6817     -65.6644
          104     -16.7990     -49.3077     -66.1067
          105     -15.4250     -53.1273     -68.5523
          106     -13.2855     -53.4292     -66.7147
          107     -18.7196     -49.5418     -68.2614
          108     -16.1131     -53.3184     -69.4315
          109     -12.3610     -53.9245     -66.2855
          110     -16.6707     -54.1225     -70.7932
          111     -12.7658     -55.2901     -68.0559
          112     -18.9723     -50.2108     -69.1831
          113     -12.3928     -54.2603     -66.6532
          114     -15.3966     -55.2070     -70.6035
          115     -14.7458     -52.3980     -67.1438
          116     -16.2167     -50.3173     -66.5341
          117     -16.0177     -50.5475     -66.5652
          118     -15.9128     -51.8134     -67.7262
          119     -18.4389     -50.8190     -69.2580
          120     -15.0886     -50.6729     -65.7615
          121     -15.6965     -53.2096     -68.9061
          122     -20.6880     -52.3387     -73.0267
          123     -16.0621     -52.5309     -68.5931
          124     -12.6615     -51.6145     -64.2759
          125     -12.6862     -51.6987     -64.3849
          126     -17.2960     -50.2666     -67.5626
          127     -17.0842     -48.0438     -65.1280
          128     -17.4053     -51.3886     -68.7939
          129     -18.9117     -52.2703     -71.1819
          130     -16.6518     -54.2031     -70.8550
          131     -18.7768     -53.1125     -71.8893
          132     -16.4760     -51.5278     -68.0038
          133     -14.3556     -54.6469     -69.0025
          134     -16.6438     -52.1436     -68.7874
          135     -16.4049     -49.0158     -65.4207
          136     -13.0289     -52.4863     -65.5152
          137     -13.6891     -46.5548     -60.2439
          138     -11.9462     -53.2707     -65.2168
          139     -15.0200     -52.6313     -67.6512
          140     -15.9738     -52.3532     -68.3270
          141     -13.4659     -56.8936     -70.3595
          142     -18.6281     -51.5564     -70.1845
          143     -15.3506     -56.5180     -71.8686
          144     -12.8960     -53.5421     -66.4382
          145     -16.9810     -53.5329     -70.5139
          146     -12.0501     -47.2627     -59.3128
          147     -14.2040     -51.6035     -65.8075
          148     -10.0568     -53.1816     -63.2384
          149     -15.7724     -54.4084     -70.1809
          150     -12.7844     -50.3027     -63.0871
          151     -14.8009     -51.6996     -66.5005
          152      -7.4913     -49.3900     -56.8813
          153     -12.4519     -52.9450     -65.3969
          154     -13.5322     -51.3181     -64.8503
          155     -18.0757     -51.9594     -70.0352
          156     -13.3708     -49.4999     -62.8707
          157      -7.2417     -52.7191     -59.9609
          158     -13.7293     -51.2250     -64.9543
          159     -11.5056     -51.7143     -63.2200
          160     -15.4028     -47.8422     -63.2450
          161     -18.5861     -51.1803     -69.7663
          162     -11.6856     -50.4450     -62.1306
          163     -18.2348     -52.7524     -70.9872
          164     -20.8185     -55.0963     -75.9148
          165     -18.1514     -48.7822     -66.9336
          166     -24.5831     -45.3855     -69.9686
          167     -13.1523     -46.5495     -59.7019
          168     -12.0350     -52.9604     -64.9954
          169     -16.1584     -50.2201     -66.3785
          170     -17.6546     -45.0943     -62.7489
          171     -16.2311     -51.1963     -67.4274
          172     -16.5070     -52.0426     -68.5496
          173     -17.7842     -45.4405     -63.2247
          174     -16.8453     -50.0544     -66.8998
          175     -15.8732     -51.2082     -67.0814
          176      -8.0746     -47.7672     -55.8418
          177     -13.5971     -51.5608     -65.1578
          178     -14.5391     -51.9034     -66.4425
          179     -12.4752     -50.7229     -63.1981
          180     -19.7221     -51.4001     -71.1222
          181     -13.7737     -48.6075     -62.3812
          182     -15.3688     -52.5010     -67.8698
          183     -15.3928     -48.5032     -63.8960
          184     -22.9058     -47.9347     -70.8405
          185     -13.9347     -48.5798     -62.5144
          186     -15.6775     -49.4299     -65.1074
          187     -14.9403     -49.8500     -64.7903
          188     -16.1727     -51.2924     -67.4651
          189     -14.8824     -52.8487     -67.7311
          190     -16.5655     -51.8493     -68.4148
          191     -17.7404     -51.1080     -68.8485
          192     -14.2734     -49.4008     -63.6742
          193     -10.6891     -51.6434     -62.3325
          194     -18.5022     -52.4301     -70.9323
          195     -15.0427     -46.1925     -61.2352
          196     -14.7405     -52.5876     -67.3282
          197     -20.0158     -50.6394     -70.6552
          198     -20.9949     -54.0872     -75.0820
          199     -18.8855     -50.1233     -69.0088
          200     -17.8654     -52.2786     -70.1440
          201     -13.3873     -52.9004     -66.2878
          202     -14.9869     -52.2716     -67.2585
          203     -20.8235     -50.9432     -71.7667
          204     -14.3514     -53.2355     -67.5869
          205     -15.9869     -49.9575     -65.9444
          206     -14.6071     -53.1994     -67.8065
          207     -16.9382     -48.2819     -65.2201
          208     -14.9524     -54.6624     -69.6149
          209     -16.9167     -52.6093     -69.5259
          210     -13.3605     -52.5830     -65.9435
          211     -15.5037     -55.1194     -70.6231
          212     -13.2923     -50.7178     -64.0101
          213     -12.4928     -54.0824     -66.5751
          214     -13.3269     -53.1224     -66.4493
          215     -14.9071     -51.8267     -66.7338
          216     -13.4179     -51.2554     -64.6733
          217     -18.7340     -49.0238     -67.7579
          218     -12.8621     -50.4848     -63.3469
          219     -14.5316     -53.6772     -68.2088
          220     -11.4378     -55.3764     -66.8142
          221     -14.1403     -51.4896     -65.6299
          222     -12.0510     -55.2371     -67.2881
          223     -13.9458     -51.5442     -65.4900
          224     -14.6045     -52.0566     -66.6611
          225     -18.2571     -54.6654     -72.9226
          226     -15.4337     -48.5931     -64.0268
          227     -17.2983     -52.2437     -69.5421
          228     -14.0014     -52.1257     -66.1271
          229     -19.7128     -51.5195     -71.2323
          230     -15.7697     -47.0905     -62.8602
          231     -14.2351     -53.9889     -68.2240
          232     -13.8568     -55.0174     -68.8742
          233     -17.0012     -48.1390     -65.1403
          234     -17.1885     -57.5871     -74.7756
          235     -17.8221     -52.0213     -69.8434
          236     -15.8714     -54.5294     -70.4007
          237     -15.0937     -54.2826     -69.3763
          238     -16.4212     -50.6154     -67.0366
          239     -11.1659     -56.6564     -67.8223
          240     -20.6981     -53.5580     -74.2562
          241      -8.9519     -52.1917     -61.1436
          242     -18.4407     -54.1887     -72.6294
          243     -12.8154     -51.0358     -63.8512
          244     -11.4127     -52.7031     -64.1157
          245     -19.0237     -50.9046     -69.9283
          246     -14.4057     -54.8045     -69.2102
          247     -16.4655     -51.8019     -68.2674
          248     -15.4838     -51.1179     -66.6017
          249     -17.5344     -53.3431     -70.8775
          250     -15.9032     -55.3388     -71.2419
          251     -14.0378     -50.8715     -64.9093
          252     -15.5643     -54.8534     -70.4177
          253     -16.5714     -56.0393     -72.6107
          254     -21.8515     -53.1515     -75.0029
          255     -15.2640     -54.1205     -69.3845
          256     -17.0271     -52.0886     -69.1157
          257     -16.7413     -56.9040     -73.6454
          258     -17.4529     -51.9051     -69.3580
          259     -14.0993     -53.5144     -67.6138
          260     -15.0519     -48.2180     -63.2698
          261     -21.1624     -51.6154     -72.7778
          262     -14.5872     -54.8900     -69.4772
          263     -12.7803     -54.1615     -66.9418
          264     -18.5361     -50.9579     -69.4939
          265     -15.3977     -56.3105     -71.7082
          266     -17.0910     -54.4372     -71.5282
          267     -10.2844     -55.9582     -66.2427
          268     -21.0309     -55.1037     -76.1346
          269     -22.0845     -54.7689     -76.8534
          270     -21.6710     -54.2517     -75.9227
          271     -14.2756     -51.1688     -65.4444
          272     -18.1097     -55.9565     -74.0662
          273     -18.3184     -56.0550     -74.3734
          274     -17.2988     -58.7458     -76.0445
          275     -19.6749     -55.6548     -75.3298
          276     -16.3801     -54.6645     -71.0446
          277     -16.0632     -50.3890     -66.4522
          278     -16.9049     -56.1188     -73.0237
          279     -18.7497     -50.9486     -69.6983
          280     -21.8490     -53.7605     -75.6096
          281     -18.2367     -51.6424     -69.8792
          282     -15.3385     -53.0008     -68.3393
          283     -19.3707     -52.5348     -71.9055
          284     -18.0795     -51.6142     -69.6937
          285     -18.3655     -48.3306     -66.6961
          286     -19.8959     -52.6781     -72.5740
          287     -19.6354     -48.9582     -68.5936
          288     -14.8680     -49.7192     -64.5871
          289     -14.0934     -53.7853     -67.8786
          290     -17.8138     -52.7314     -70.5451
          291     -16.4711     -55.4137     -71.8848
          292     -22.3448     -45.7154     -68.0601
          293     -12.2518     -58.5955     -70.8472
          294     -22.7958     -49.8188     -72.6146
          295     -15.5742     -55.8476     -71.4219
          296     -18.9860     -55.6910     -74.6771
          297     -16.1488     -55.4661     -71.6150
          298     -16.9206     -50.6851     -67.6057
          299     -13.4569     -50.6635     -64.1204
          300     -17.2025     -51.7004     -68.9029
          301     -18.5484     -52.9810     -71.5295
          302     -20.1055     -53.6238     -73.7293
          303     -21.0373     -50.9690     -72.0063
          304     -18.6477     -52.4388     -71.0865
          305     -13.3019     -54.7606     -68.0625
          306     -19.1515     -53.4558     -72.6073
          307     -15.7964     -50.0968     -65.8932
          308     -18.1595     -53.3048     -71.4643
          309     -13.2954     -53.4721     -66.7675
          310     -17.5029     -55.9927     -73.4957
          311     -20.5608     -55.3097     -75.8706
          312     -17.9912     -51.0659     -69.0570
          313     -18.7427     -50.9200     -69.6626
          314     -15.6366     -54.9139     -70.5505
          315     -17.6015     -57.2020     -74.8035
          316     -18.2243     -56.1419     -74.3662
          317     -20.5929     -48.2024     -68.7953
          318     -19.6267     -53.4963     -73.1230
          319     -22.7704     -49.1338     -71.9041
          320     -20.0262     -54.8984     -74.9246
          321     -16.5747     -47.8867     -64.4614
          322     -13.8360     -53.5538     -67.3898
          323     -17.1502     -53.9522     -71.1024
          324     -17.9745     -53.9932     -71.9677
          325     -19.6688     -51.5818     -71.2506
          326     -14.2107     -53.9053     -68.1160
          327     -17.0249     -51.2968     -68.3217
          328     -18.7568     -51.0370     -69.7938
          329     -19.5128     -51.1451     -70.6580
          330     -15.9550     -54.0605     -70.0155
          331     -13.6587     -54.2230     -67.8817
          332     -19.5355     -57.1245     -76.6600
          333     -21.7210     -54.3240     -76.0450
          334     -16.7027     -49.9919     -66.6946
          335     -15.9113     -50.6879     -66.5992
          336     -13.4273     -51.1352     -64.5625
          337     -12.7764     -52.8595     -65.6359
          338     -15.8092     -51.4612     -67.2704
          339     -16.5342     -53.0436     -69.5778
          340      -9.6607     -54.6666     -64.3273
          341     -12.6522     -53.7347     -66.3869
          342     -11.9540     -54.6553     -66.6094
          343     -12.3015     -53.2244     -65.5259
          344     -13.6045     -54.7122     -68.3167
          345     -18.4844     -53.5331     -72.0174
          346     -14.2299     -56.1283     -70.3582
          347     -21.1403     -50.6293     -71.7696
          348     -19.2521     -49.6310     -68.8831
          349     -20.0617     -53.4154     -73.4771
          350     -16.5040     -52.0005     -68.5045
          351     -15.3093     -54.6682     -69.9775
          352     -16.1031     -54.4985     -70.6015
          353     -12.8510     -49.3768     -62.2278
          354     -18.7581     -48.1646     -66.9227
          355     -18.0193     -55.8073     -73.8266
          356     -18.0489     -53.0098     -71.0587
          357     -18.8413     -50.5033     -69.3446
          358     -14.8710     -53.1717     -68.0428
          359     -22.7329     -49.6804     -72.4133
          360     -24.0867     -46.5018     -70.5884
          361     -17.9668     -47.8235     -65.7903
          362     -13.5108     -50.8216     -64.3323
          363     -13.2245     -50.8339     -64.0584
          364     -13.7187     -50.2099     -63.9286
          365     -18.7176     -50.7914     -69.5090
          366     -14.9135     -53.1196     -68.0331
          367     -17.3544     -50.0783     -67.4327
          368     -18.7270     -53.3363     -72.0633
          369     -20.1157     -51.9816     -72.0973
          370     -16.4463     -54.8824     -71.3287
          371     -19.2570     -51.3597     -70.6167
          372     -19.9089     -51.9214     -71.8303
          373     -20.5652     -52.5807     -73.1460
          374     -15.4009     -54.9255     -70.3264
          375     -18.1930     -48.4678     -66.6608
          376     -14.0265     -50.3543     -64.3808
          377     -18.5986     -55.2076     -73.8062
          378     -16.6544     -52.3548     -69.0093
          379     -17.2966     -48.5807     -65.8773
          380     -23.2388     -46.3952     -69.6340
          381     -16.6474     -52.0018     -68.6492
          382     -14.8110     -53.0500     -67.8610
          383     -15.8000     -57.5074     -73.3074
          384     -15.9006     -52.0171     -67.9177
          385     -18.0463     -50.6881     -68.7345
          386     -21.6331     -53.6368     -75.2699
          387     -17.3133     -52.2707     -69.5840
          388     -17.4896     -50.0859     -67.5755
          389     -15.8153     -51.7600     -67.5753
          390     -17.1533     -52.6553     -69.8085
          391     -15.7786     -51.6567     -67.4353
          392     -17.1833     -53.4395     -70.6228
          393     -13.3462     -53.4536     -66.7998
          394     -17.9282     -54.2189     -72.1471
          395     -15.8874     -53.0227     -68.9101
          396     -19.9099     -55.9892     -75.8991
          397     -16.1696     -55.4612     -71.6308
          398     -18.1332     -53.0376     -71.1708
          399     -15.9089     -55.2750     -71.1839
          400     -18.6381     -52.4579     -71.0960
          401     -17.7712     -53.3740     -71.1452
          402     -18.6240     -52.7210     -71.3449
          403     -15.9149     -53.0319     -68.9468
          404     -17.1125     -54.2271     -71.3396
          405     -17.5854     -53.6532     -71.2386
          406     -18.4098     -51.1888     -69.5986
          407     -14.1675     -53.4148     -67.5823
          408     -15.2520     -49.6053     -64.8573
          409     -12.3165     -53.0610     -65.3775
          410     -12.3781     -49.1948     -61.5729
          411     -17.6405     -52.2353     -69.8758
          412     -15.4917     -52.9674     -68.4590
          413     -15.0546     -52.7929     -67.8476
          414     -19.3023     -49.4457     -68.7480
          415     -18.7130     -49.8148     -68.5278
          416     -18.4882     -50.8392     -69.3274
          417     -18.4229     -55.4728     -73.8957
          418     -16.6585     -56.3955     -73.0540
          419     -18.1490     -49.4455     -67.5945
          420     -19.5900     -53.2212     -72.8112
          421     -14.9414     -52.5325     -67.4738
          422     -18.1011     -53.5297     -71.6307
          423     -18.5579     -53.2193     -71.7772
          424     -10.8698     -52.1286     -62.9984
          425     -18.3096     -55.8716     -74.1813
          426     -16.7626     -50.2798     -67.0424
          427     -14.0847     -52.6490     -66.7337
          428     -19.8839     -47.0937     -66.9776
          429     -21.0273     -51.3548     -72.3821
          430     -18.9716     -54.5204     -73.4920
          431     -20.8074     -50.6002     -71.4076
          432     -13.1059     -53.0777     -66.1836
          433     -16.6042     -50.9281     -67.5323
          434     -23.7582     -49.4531     -73.2113
          435     -20.9728     -50.4361     -71.4089
          436     -14.6675     -52.6804     -67.3478
          437     -21.6266     -51.5741     -73.2007
          438     -21.4950     -51.9344     -73.4294
          439     -15.8215     -51.6096     -67.4311
          440     -17.6573     -50.1770     -67.8344
          441     -20.6742     -53.9193     -74.5934
          442     -14.2536     -52.2903     -66.5439
          443     -14.1944     -49.2325     -63.4269
          444     -17.7653     -52.3303     -70.0956
          445     -16.3070     -52.6750     -68.9821
          446     -22.8444     -52.8926     -75.7371
          447     -16.6690     -55.5144     -72.1834
          448     -22.9119     -44.8653     -67.7772
          449     -16.3958     -52.6509     -69.0467
          450     -22.9661     -54.2475     -77.2136
          451     -18.2008     -53.7599     -71.9607
          452     -18.0218     -54.8882     -72.9100
          453     -18.3037     -45.3603     -63.6639
          454     -11.2804     -51.2568     -62.5372
          455     -13.5002     -53.7288     -67.2290
          456     -15.4411     -55.0098     -70.4509
          457     -17.0207     -53.2424     -70.2631
          458     -18.8804     -53.4878     -72.3682
          459     -17.2916     -52.6113     -69.9029
          460     -21.1108     -52.0346     -73.1454
          461     -15.9576     -48.4748     -64.4324
          462     -15.9045     -54.5613     -70.4658
          463     -15.5683     -52.7276     -68.2959
          464     -22.0577     -55.8123     -77.8700
          465     -18.7848     -54.4094     -73.1942
          466     -13.1432     -52.6023     -65.7455
          467     -18.1406     -54.8478     -72.9883
          468     -16.9916     -53.6390     -70.6306
          469     -16.8093     -52.5699     -69.3792
          470     -15.9529     -51.6435     -67.5964
          471     -17.8235     -51.0948     -68.9183
          472     -19.6426     -53.6311     -73.2738
          473     -14.8579     -54.9191     -69.7769
          474     -16.3457     -54.4233     -70.7690
          475     -16.8003     -52.6860     -69.4863
          476     -13.9167     -56.5086     -70.4253
          477     -12.9451     -51.4427     -64.3878
          478     -17.9739     -52.0958     -70.0697
          479     -24.5219     -51.7946     -76.3164
          480     -11.1390     -52.3426     -63.4816
          481     -18.4736     -52.2519     -70.7255
          482     -16.4338     -47.7940     -64.2278
          483     -16.5390     -53.6485     -70.1875
          484     -19.8454     -50.8422     -70.6876
          485     -15.9029     -53.9894     -69.8922
          486      -9.3338     -55.5867     -64.9205
          487     -12.1103     -48.0301     -60.1404
          488     -15.5041     -55.7391     -71.2432
          489     -18.4568     -53.1315     -71.5883
          490     -14.6683     -53.8144     -68.4827
          491     -16.8681     -51.7034     -68.5715
          492     -14.0436     -57.1378     -71.1814
          493     -19.3491     -56.2107     -75.5598
          494     -15.9787     -54.5987     -70.5774
          495     -16.9562     -55.5723     -72.5286
          496     -16.3514     -57.9530     -74.3044
          497     -12.1648     -52.4468     -64.6116
          498     -18.1683     -50.9488     -69.1171
          499     -16.3703     -52.7828     -69.1531
          500     -17.6505     -54.0274     -71.6779
          501     -16.4303     -51.6582     -68.0885
          502     -16.3536     -52.8895     -69.2430
          503     -13.3183     -54.5303     -67.8485
          504     -20.2067     -53.3074     -73.5141
          505     -16.1025     -53.0385     -69.1410
          506     -15.8153     -50.2738     -66.0891
          507     -16.2816     -54.0935     -70.3751
          508     -15.1250     -54.0548     -69.1798
          509     -17.7526     -54.9105     -72.6632
          510     -15.5949     -53.5833     -69.1782
          511     -14.0001     -49.6087     -63.6088
          512     -13.5089     -53.3314     -66.8403
          513     -16.1367     -53.9493     -70.0859
          514     -15.1560     -52.9931     -68.1491
          515     -16.7804     -51.8543     -68.6347
          516     -12.1057     -56.8460     -68.9517
          517     -16.6817     -53.5214     -70.2031
          518     -14.7108     -56.7948     -71.5055
          519     -15.0645     -52.2519     -67.3164
          520     -20.2514     -52.7870     -73.0383
          521     -17.8667     -53.2827     -71.1494
          522     -15.3530     -51.6825     -67.0355
          523     -16.6210     -54.6396     -71.2606
          524     -19.0809     -49.1351     -68.2161
          525     -19.5382     -51.8275     -71.3657
          526     -17.1008     -48.6403     -65.7411
          527     -18.0757     -53.3701     -71.4458
          528     -22.9735     -46.0184     -68.9919
          529     -15.3180     -56.7219     -72.0399
          530     -17.2479     -52.7197     -69.9676
          531     -19.2105     -52.5297     -71.7402
          532     -18.4691     -54.3958     -72.8649
          533     -17.7497     -51.3082     -69.0578
          534     -18.1417     -51.5228     -69.6645
          535     -16.6132     -52.6409     -69.2541
          536     -12.2238     -56.6603     -68.8841
          537     -17.4587     -53.7384     -71.1971
          538     -13.8810     -56.1979     -70.0789
          539     -17.6071     -51.7355     -69.3425
          540     -14.0661     -52.6152     -66.6813
          541     -18.5304     -44.6530     -63.1834
          542     -16.1591     -52.3120     -68.4712
          543     -19.9642     -53.3757     -73.3399
          544     -18.1493     -55.8088     -73.9581
          545     -14.7546     -52.6811     -67.4357
          546     -13.6908     -56.8969     -70.5877
          547     -17.4538     -52.7566     -70.2104
          548     -17.8197     -56.4480     -74.2677
          549     -19.0983     -55.7338     -74.8321
          550     -14.9229     -51.3910     -66.3139
          551     -14.3877     -53.4636     -67.8513
          552     -18.9307     -53.2848     -72.2155
          553     -12.1639     -53.2243     -65.3882
          554     -23.8777     -46.9969     -70.8746
          555     -13.1030     -54.2054     -67.3085
          556     -16.4644     -57.6419     -74.1063
          557     -13.6299     -56.8793     -70.5092
          558     -15.4979     -55.1411     -70.6390
          559     -15.1785     -57.1499     -72.3284
          560     -16.9751     -56.2693     -73.2444
          561     -16.7293     -50.8326     -67.5619
          562     -20.8123     -53.5835     -74.3959
          563     -18.5441     -48.7985     -67.3426
          564     -18.6106     -52.0051     -70.6157
          565     -17.3360     -53.2133     -70.5492
          566     -19.9408     -56.5978     -76.5385
          567     -17.3485     -55.3321     -72.6806
          568     -15.1752     -55.0183     -70.1935
          569     -14.2685     -55.4898     -69.7583
          570     -15.3794     -54.0073     -69.3867
          571     -20.9260     -53.9979     -74.9240
          572     -20.1809     -54.3322     -74.5131
          573     -17.7666     -54.3819     -72.1485
          574     -19.4329     -56.9082     -76.3411
          575     -17.1351     -55.5149     -72.6500
          576     -14.7374     -54.7096     -69.4471
          577     -17.3076     -57.3466     -74.6542
          578     -16.6437     -50.9697     -67.6134
          579     -15.2928     -57.8356     -73.1284
          580     -13.3845     -55.4872     -68.8718
          581     -13.9839     -53.4895     -67.4734
          582     -14.4287     -49.6604     -64.0892
          583     -19.4710     -52.3420     -71.8130
          584     -17.1275     -50.2115     -67.3390
          585     -15.6208     -51.9188     -67.5396
          586     -16.5270     -51.6498     -68.1769
          587     -11.5222     -54.4266     -65.9488
          588     -14.4843     -55.5526     -70.0368
          589     -15.9434     -53.9009     -69.8443
          590     -15.3000     -53.6758     -68.9758
          591     -17.2625     -57.0721     -74.3346
          592     -19.2296     -51.2631     -70.4927
          593     -18.4919     -50.3730     -68.8649
          594     -15.3727     -53.7766     -69.1492
          595     -19.8281     -50.0496     -69.8777
          596     -18.7358     -47.5559     -66.2917
          597     -16.3995     -52.8820     -69.2815
          598     -22.6783     -49.6302     -72.3085
          599     -16.2065     -52.5364     -68.7428
          600     -13.3752     -57.3581     -70.7333
          601     -14.6252     -51.4763     -66.1015
          602     -17.5039     -54.5293     -72.0331
          603     -17.1858     -53.5285     -70.7142
          604     -16.5040     -51.1048     -67.6088
          605     -19.4752     -50.7277     -70.2029
          606     -19.9359     -51.6964     -71.6323
          607     -18.1410     -54.3649     -72.5059
          608     -17.8418     -57.2023     -75.0441
          609     -16.0396     -54.8668     -70.9064
          610     -20.0690     -53.3234     -73.3924
          611     -13.2480     -55.4643     -68.7123
          612     -13.9072     -54.0216     -67.9288
          613     -20.5989     -48.3799     -68.9788
          614     -17.1949     -51.3270     -68.5219
          615     -17.4130     -47.6411     -65.0541
          616     -13.8424     -50.6698     -64.5122
          617     -22.4772     -55.3168     -77.7940
          618     -19.3100     -51.1978     -70.5078
          619     -21.1134     -50.4817     -71.5951
          620     -20.9719     -53.7683     -74.7403
          621     -21.0376     -48.8364     -69.8740
          622     -13.2724     -50.9431     -64.2155
          623     -16.0748     -50.5570     -66.6318
          624     -18.6212     -52.3973     -71.0184
          625     -15.2770     -51.1941     -66.4712
          626     -16.2704     -50.8333     -67.1037
          627     -17.4811     -52.4116     -69.8927
          628     -16.4590     -54.8286     -71.2875
          629     -26.4994     -47.5611     -74.0605
          630     -23.7587     -48.7479     -72.5066
          631     -16.2480     -53.3156     -69.5636
          632     -16.2623     -51.7391     -68.0014
          633     -20.4064     -50.2192     -70.6257
          634     -14.3228     -53.2681     -67.5909
          635     -16.4727     -50.5640     -67.0367
          636     -17.2909     -51.1264     -68.4173
          637     -17.7922     -49.8331     -67.6253
          638     -12.8732     -53.3812     -66.2544
          639     -18.3785     -52.6501     -71.0286
          640     -18.5050     -52.9656     -71.4707
          641     -19.8970     -51.3099     -71.2069
          642     -14.7413     -53.0269     -67.7682
          643     -15.8511     -52.9677     -68.8188
          644     -16.3219     -54.6567     -70.9786
          645     -19.1005     -51.5671     -70.6676
          646     -17.8952     -55.7758     -73.6710
          647     -15.4525     -53.0722     -68.5247
          648     -18.3910     -55.5024     -73.8934
          649     -22.4528     -46.9218     -69.3746
          650     -14.5777     -57.1683     -71.7460
          651     -16.6325     -50.8307     -67.4632
          652     -18.5353     -49.5494     -68.0847
          653     -15.4139     -51.7252     -67.1391
          654     -18.3700     -49.5878     -67.9577
          655     -22.1338     -49.4659     -71.5998
          656     -16.2579     -53.1314     -69.3893
          657     -17.9980     -54.7414     -72.7394
          658     -19.4268     -51.4520     -70.8788
          659     -18.4729     -50.8758     -69.3487
          660     -24.1988     -54.0404     -78.2391
          661     -19.8279     -49.1771     -69.0050
          662     -15.0826     -51.2389     -66.3215
          663     -17.4484     -51.1824     -68.6308
          664     -16.5067     -55.7761     -72.2828
          665     -15.5351     -49.6732     -65.2083
          666     -14.9462     -53.2098     -68.1560
          667     -20.2981     -54.6474     -74.9455
          668     -22.1896     -50.6907     -72.8802
          669     -14.0162     -52.2971     -66.3133
          670     -16.1727     -55.7580     -71.9307
          671     -19.3651     -48.0430     -67.4081
          672     -12.3209     -51.0697     -63.3907
          673     -15.9351     -53.8485     -69.7836
          674     -17.7691     -51.5959     -69.3649
          675     -23.8900     -53.4278     -77.3178
          676     -21.9980     -51.9185     -73.9165
          677     -22.0709     -53.1907     -75.2616
          678     -16.2154     -49.3008     -65.5161
          679     -17.7767     -51.0491     -68.8259
          680     -14.7427     -54.6345     -69.3772
          681     -15.9284     -55.9267     -71.8552
          682     -16.0389     -50.4965     -66.5355
          683     -18.3816     -54.0896     -72.4712
          684     -13.1932     -53.7696     -66.9628
          685     -20.3902     -48.3972     -68.7874
          686     -18.3324     -51.6999     -70.0323
          687     -22.3064     -49.4075     -71.7139
          688     -18.1579     -53.5343     -71.6922
          689     -20.7762     -49.2428     -70.0190
          690     -17.2140     -53.7058     -70.9198
          691     -14.8993     -53.9321     -68.8314
          692     -14.9791     -49.9615     -64.9405
          693     -14.2868     -53.3607     -67.6475
          694     -15.0129     -52.0789     -67.0917
          695     -17.7875     -53.8744     -71.6619
          696     -18.8042     -49.5376     -68.3418
          697     -15.9190     -51.1288     -67.0478
          698     -17.2852     -54.4967     -71.7820
          699     -18.5873     -53.3913     -71.9786
          700     -19.5603     -48.9115     -68.4717
          701     -18.7508     -53.7557     -72.5065
          702     -18.4738     -54.4112     -72.8850
          703     -17.4521     -53.3701     -70.8222
          704     -20.0239     -49.3805     -69.4043
          705     -17.9335     -52.9936     -70.9271
          706     -23.6466     -50.6664     -74.3130
          707     -14.5888     -51.9429     -66.5316
          708     -14.4330     -51.6603     -66.0932
          709     -17.0038     -55.5883     -72.5922
          710     -18.3895     -53.4480     -71.8375
          711     -22.9893     -53.1122     -76.1015
          712     -13.7920     -53.3611     -67.1531
          713     -14.9807     -55.0924     -70.0731
          714     -12.6968     -56.1187     -68.8155
          715     -14.7098     -51.3350     -66.0448
          716     -14.6667     -50.1207     -64.7873
          717     -13.7296     -52.4111     -66.1407
          718     -16.4359     -50.4631     -66.8989
          719     -15.0743     -51.2167     -66.2909
          720     -16.0833     -49.4147     -65.4980
          721     -19.6153     -51.5580     -71.1733
          722     -20.3425     -54.9288     -75.2714
          723     -20.7946     -50.5067     -71.3013
          724     -14.6069     -55.3143     -69.9212
          725     -19.9626     -50.8321     -70.7947
          726     -17.8226     -50.2321     -68.0547
          727     -15.8275     -55.3328     -71.1604
          728     -16.6705     -48.6975     -65.3680
          729     -21.5598     -50.0760     -71.6358
          730     -15.3943     -49.9098     -65.3041
          731     -15.6030     -51.4801     -67.0831
          732     -19.7097     -49.6551     -69.3649
          733     -22.2789     -53.2528     -75.5317
          734     -17.2075     -50.5557     -67.7632
          735     -18.0826     -54.0074     -72.0899
          736     -14.5243     -50.6643     -65.1886
          737     -16.1954     -45.9953     -62.1907
          738     -18.4557     -47.7477     -66.2034
          739     -16.7305     -52.0314     -68.7619
          740     -18.5095     -54.5424     -73.0519
          741     -19.0324     -51.8388     -70.8712
          742     -17.0525     -53.9513     -71.0038
          743     -14.9327     -52.4273     -67.3600
          744     -16.7269     -52.3011     -69.0281
          745     -20.1773     -48.0528     -68.2301
          746     -16.3894     -55.1588     -71.5482
          747     -18.4779     -50.6888     -69.1667
          748     -14.3636     -51.6715     -66.0351
          749     -11.5712     -50.2393     -61.8105
          750     -18.3024     -55.0877     -73.3901
          751     -23.1180     -50.0383     -73.1562
          752     -18.3150     -50.3973     -68.7123
          753     -21.4175     -52.2399     -73.6574
          754     -18.3662     -55.5107     -73.8769
          755     -18.4178     -54.9253     -73.3430
          756     -18.3188     -48.5360     -66.8549
          757     -22.6985     -53.1790     -75.8775
          758     -17.2666     -52.6806     -69.9471
          759     -18.3740     -51.6945     -70.0686
          760     -19.4754     -52.2801     -71.7555
          761     -13.4109     -51.7867     -65.1975
          762     -20.9248     -53.7574     -74.6822
          763     -17.9045     -51.3884     -69.2929
          764     -16.5429     -51.3625     -67.9053
          765     -16.5046     -51.9182     -68.4227
          766     -15.8128     -54.2700     -70.0827
          767     -15.0064     -56.4330     -71.4394
          768     -22.0177     -49.1780     -71.1957
          769     -21.5771     -50.9097     -72.4869
          770     -16.5085     -52.3150     -68.8235
          771     -17.8760     -53.0093     -70.8853
          772     -19.9111     -45.8840     -65.7950
          773     -21.2327     -49.7611     -70.9938
          774     -13.6637     -53.2489     -66.9126
          775      -5.8391     -51.0338     -56.8729
          776     -16.1789     -47.9012     -64.0802
          777     -18.0958     -52.7227     -70.8185
          778     -17.8691     -50.3553     -68.2244
          779     -15.0920     -46.3254     -61.4174
          780     -17.7015     -49.8525     -67.5540
          781     -16.9393     -48.1706     -65.1099
          782     -20.6381     -51.0132     -71.6513
          783     -18.0772     -52.4208     -70.4980
          784     -14.5680     -56.5981     -71.1660
          785     -18.5018     -51.1423     -69.6441
          786     -14.3773     -53.4759     -67.8532
          787     -15.7187     -51.8889     -67.6076
          788     -16.2825     -53.5154     -69.7978
          789     -21.3528     -49.9137     -71.2665
          790     -15.3612     -52.2915     -67.6527
          791     -23.6751     -45.9457     -69.6208
          792     -12.9239     -50.9460     -63.8699
          793     -12.9471     -49.7315     -62.6787
          794     -18.1346     -52.0397     -70.1743
          795     -15.9139     -49.3332     -65.2471
          796     -13.4791     -51.8911     -65.3702
          797     -15.8828     -53.3848     -69.2676
          798     -18.4245     -54.5299     -72.9544
          799     -15.8881     -52.5563     -68.4444
          800     -18.5672     -48.8570     -67.4242
          801     -10.1941     -50.8747     -61.0688
          802     -16.1821     -48.6653     -64.8474
          803     -15.8207     -54.1117     -69.9324
          804     -13.3005     -53.1371     -66.4376
          805     -15.6020     -54.1069     -69.7089
          806     -14.1839     -48.8902     -63.0741
          807     -13.3397     -54.0877     -67.4274
          808     -16.5154     -50.9547     -67.4702
          809     -19.4199     -48.8307     -68.2505
          810     -18.6135     -49.1887     -67.8022
          811     -20.5358     -51.9800     -72.5159
          812     -19.3074     -53.1454     -72.4527
          813     -21.8258     -50.1947     -72.0205
          814     -18.7633     -52.9512     -71.7145
          815     -20.8541     -55.4242     -76.2784
          816     -17.4562     -50.4708     -67.9271
          817     -23.0631     -51.3019     -74.3650
          818     -15.1379     -55.0881     -70.2260
          819     -18.8460     -53.4935     -72.3395
          820     -13.9481     -48.1004     -62.0485
          821     -22.8655     -52.3779     -75.2434
          822     -20.0156     -51.9287     -71.9443
          823     -12.2898     -51.7659     -64.0557
          824     -20.3815     -52.3728     -72.7543
          825     -24.3920     -51.1049     -75.4969
          826     -27.8221     -47.9940     -75.8161
          827     -22.9557     -52.4823     -75.4380
          828     -16.3539     -52.2322     -68.5861
          829     -16.4335     -50.0593     -66.4928
          830     -15.5858     -49.5369     -65.1228
          831     -18.8793     -50.8008     -69.6802
          832     -17.3221     -51.0252     -68.3473
          833     -21.2284     -54.0695     -75.2979
          834     -17.3347     -51.4416     -68.7763
          835     -17.5113     -51.0884     -68.5998
          836     -18.9931     -49.3796     -68.3727
          837     -14.5876     -53.5113     -68.0989
          838     -14.6744     -51.3156     -65.9900
          839     -16.8705     -51.1545     -68.0249
          840     -17.4159     -52.5282     -69.9441
          841     -15.3399     -54.3409     -69.6808
          842     -23.1519     -49.4946     -72.6465
          843     -15.3121     -52.4719     -67.7840
          844     -16.1052     -48.5022     -64.6074
          845     -16.7669     -52.6158     -69.3828
          846     -21.7217     -50.1747     -71.8964
          847     -12.6551     -50.3374     -62.9925
          848     -16.1391     -51.8487     -67.9879
          849     -12.9073     -50.8952     -63.8025
          850     -16.9172     -54.3105     -71.2278
          851     -14.7477     -52.5196     -67.2673
          852     -23.2715     -51.0392     -74.3106
          853     -17.2753     -52.7166     -69.9919
          854     -18.8300     -51.8799     -70.7099
          855     -16.1707     -53.3408     -69.5116
          856     -22.7534     -50.4540     -73.2074
          857     -18.0008     -52.7966     -70.7974
          858     -19.4211     -52.3561     -71.7773
          859     -17.1678     -52.5767     -69.7445
          860     -20.4752     -50.1003     -70.5754
          861     -14.7407     -52.1669     -66.9076
          862     -13.1245     -54.2249     -67.3494
          863     -18.3824     -54.6471     -73.0295
          864     -14.5827     -54.9500     -69.5327
          865     -19.0071     -53.9669     -72.9740
          866     -20.5365     -51.2464     -71.7828
          867     -11.5529     -51.2119     -62.7648
          868     -19.1973     -54.8130     -74.0102
          869     -16.6393     -47.8102     -64.4494
          870     -21.7914     -49.6627     -71.4540
          871     -19.3950     -51.1116     -70.5066
          872     -15.3151     -52.8019     -68.1170
          873     -22.3621     -49.6955     -72.0576
          874     -22.1015     -49.1460     -71.2475
          875     -17.4561     -50.8518     -68.3079
          876     -13.9059     -51.5910     -65.4969
          877     -21.7920     -53.9191     -75.7111
          878     -18.3796     -50.3792     -68.7587
          879     -16.5320     -48.9399     -65.4719
          880     -18.7351     -53.9493     -72.6845
          881     -15.0383     -53.7978     -68.8361
          882     -16.1143     -50.3197     -66.4340
          883     -13.6607     -55.0126     -68.6733
          884     -18.3793     -47.7620     -66.1413
          885     -12.2316     -54.9379     -67.1695
          886     -14.7471     -51.4632     -66.2103
          887     -12.5885     -53.6450     -66.2335
          888     -12.4431     -53.8242     -66.2673
          889     -19.7646     -53.8194     -73.5841
          890     -17.5864     -53.8812     -71.4677
          891     -16.9784     -48.9382     -65.9166
          892     -12.3880     -51.2337     -63.6217
          893     -20.4760     -52.7504     -73.2264
          894     -15.3710     -53.5838     -68.9548
          895     -15.4290     -53.1868     -68.6157
          896     -18.4593     -52.5447     -71.0039
          897     -19.4191     -50.7014     -70.1204
          898     -16.5052     -53.5354     -70.0406
          899     -15.8051     -50.4007     -66.2058
          900     -16.3711     -54.4113     -70.7825
          901     -19.1226     -52.2260     -71.3486
          902     -19.6548     -53.7313     -73.3861
          903     -20.0363     -52.5639     -72.6002
          904     -17.4054     -52.3197     -69.7251
          905     -14.2579     -54.6032     -68.8611
          906     -18.1458     -56.1779     -74.3237
          907     -18.2932     -50.5229     -68.8161
          908     -15.0959     -54.6649     -69.7608
          909     -16.5362     -51.4311     -67.9673
          910     -16.8271     -53.7880     -70.6151
          911     -11.6844     -55.6935     -67.3779
          912     -18.2528     -49.8721     -68.1249
          913     -17.7633     -49.9393     -67.7026
          914     -18.4591     -50.4149     -68.8741
          915     -17.7017     -54.1464     -71.8481
          916     -19.3570     -51.2542     -70.6113
          917     -15.1684     -55.1915     -70.3600
          918     -12.2446     -53.2985     -65.5431
          919     -10.5650     -51.3572     -61.9222
          920     -15.3973     -54.0669     -69.4642
          921     -15.1457     -49.0380     -64.1837
          922     -11.5542     -50.5893     -62.1435
          923     -15.2956     -52.1190     -67.4146
          924     -21.5733     -50.5975     -72.1708
          925      -9.9873     -55.0260     -65.0133
          926     -14.9545     -45.8310     -60.7855
          927     -20.1188     -45.2665     -65.3853
          928     -14.1749     -50.7055     -64.8803
          929     -15.3621     -50.5971     -65.9592
          930     -15.0562     -54.4371     -69.4933
          931     -15.9273     -54.8742     -70.8015
          932     -12.6553     -56.3393     -68.9945
          933     -13.3192     -48.6189     -61.9381
          934      -7.5008     -50.7141     -58.2149
          935     -14.1987     -53.4867     -67.6854
          936      -6.7320     -54.4794     -61.2114
          937     -14.5810     -50.8449     -65.4259
          938     -12.5883     -51.7025     -64.2908
          939     -20.8535     -45.8229     -66.6764
          940     -11.2619     -54.9778     -66.2398
          941     -11.3582     -53.1336     -64.4918
          942     -14.9396     -53.9682     -68.9078
          943     -15.4446     -55.0561     -70.5007
          944     -10.6452     -55.0879     -65.7331
          945      -8.3832     -52.5526     -60.9358
          946     -16.5901     -52.8086     -69.3987
          947     -23.1613     -47.8118     -70.9731
          948     -14.0402     -53.3591     -67.3993
          949     -11.0945     -54.0155     -65.1100
          950     -10.7654     -56.6021     -67.3675
          951     -11.0102     -55.8208     -66.8311
          952      -7.4389     -57.1516     -64.5905
          953     -13.6270     -50.9441     -64.5712
          954     -14.9875     -52.1133     -67.1008
          955     -16.3119     -53.7395     -70.0515
          956     -15.3138     -53.5599     -68.8738
          957     -10.0556     -53.3178     -63.3733
          958     -12.7948     -52.7196     -65.5145
          959     -13.8417     -51.4607     -65.3024
          960     -13.3489     -53.2807     -66.6296
          961     -15.9309     -49.8632     -65.7941
          962     -12.6483     -53.2415     -65.8899
          963     -11.9589     -53.9622     -65.9211
          964     -10.8658     -55.7339     -66.5997
          965     -15.7446     -48.5131     -64.2577
          966      -9.6417     -52.1195     -61.7612
          967     -11.9910     -52.8130     -64.8040
          968     -13.2371     -54.0869     -67.3239
          969      -8.7792     -54.7632     -63.5424
          970     -15.6821     -51.6117     -67.2938
          971     -20.2946     -51.0830     -71.3776
          972      -7.6429     -52.7285     -60.3713
          973     -13.6348     -55.3777     -69.0125
          974     -14.7613     -50.7381     -65.4994
          975     -16.5556     -53.5849     -70.1405
          976     -16.3139     -53.7753     -70.0892
          977     -13.3436     -55.3976     -68.7412
          978     -12.4366     -59.2554     -71.6920
          979     -15.3635     -50.8425     -66.2060
          980     -14.3106     -57.1345     -71.4451
          981     -11.8744     -53.3127     -65.1871
          982     -12.7778     -49.6435     -62.4213
          983     -10.9721     -54.0320     -65.0041
          984     -13.1501     -52.2834     -65.4335
          985     -22.6611     -50.0067     -72.6678
          986     -11.2259     -56.3353     -67.5612
          987     -12.3825     -55.0482     -67.4308
          988     -10.6422     -55.4181     -66.0603
          989     -12.5827     -52.5547     -65.1374
          990     -10.7859     -55.2192     -66.0050
          991     -13.5156     -51.5182     -65.0339
          992     -11.0613     -54.8066     -65.8679
          993      -9.6189     -54.4358     -64.0547
          994      -7.2864     -49.3076     -56.5940
          995     -11.2441     -56.9174     -68.1615
          996     -13.0660     -53.0812     -66.1472
          997     -17.8504     -50.9678     -68.8182
          998      -8.9427     -50.6223     -59.5651
          999     -12.5299     -50.9000     -63.4299
         1000     -12.2602     -54.5963     -66.8565
