
Resp charges for organic molecule                                               

iqopt   irstrnt  ihfree     qwt
  2      1      1        0.001000

 rel.rms   dipole mom       Qxx      Qyy      Qzz
    0.06249   3.92558-122.53481  89.64989  32.88492

          Point charges before & after optimization
    NO   At.No.    q0           q(opt)   IVARY  d(rstr)/dq 
     1     6   0.040858       0.020754    0    0.009791
     2     6  -0.322692      -0.360055    0    0.002676
     3     6   0.770078       0.770078  -99    0.001288
     4     6  -0.516105      -0.516105  -99    0.001902
     5     6   0.023332       0.023332  -99    0.009738
     6     6  -0.054138      -0.049424    0    0.008965
     7     6  -0.058373      -0.081049    0    0.007769
     8     6  -0.042627      -0.042627  -99    0.009199
     9     6  -0.031966      -0.031966  -99    0.009525
    10     6   0.270735       0.270735  -99    0.003465
    11     6   0.253482       0.253482  -99    0.003670
    12     6  -0.271355      -0.259065    0    0.003601
    13     6   0.490438       0.490438  -99    0.001998
    14     6  -0.039014      -0.039014  -99    0.009316
    15     6  -0.020270      -0.046356    0    0.009073
    16     6  -0.149207      -0.103941    0    0.006933
    17     6   0.007413       0.007413  -99    0.009973
    18     6  -0.523157      -0.511963    0    0.001917
    19     6  -0.391490      -0.293012    0    0.003230
    20     6   0.600735       0.600735  -99    0.001642
    21     6   0.218944       0.208043    0    0.004332
    22     8  -0.596335      -0.596335  -99    0.001654
    23     8  -0.764752      -0.764752  -99    0.001297
    24     8  -0.507152      -0.507152  -99    0.001935
    25     8  -0.714475      -0.714475  -99    0.001386
    26     1   0.036353       0.024742    0    0.000000
    27     1  -0.002872       0.024742   26    0.000000
    28     1   0.091457       0.101159    0    0.000000
    29     1   0.083512       0.101159   28    0.000000
    30     1   0.189700       0.189700  -99    0.000000
    31     1   0.058537       0.048923    0    0.000000
    32     1   0.041535       0.048923   31    0.000000
    33     1   0.019846       0.034247    0    0.000000
    34     1   0.030786       0.034247   33    0.000000
    35     1   0.066359       0.066359  -99    0.000000
    36     1   0.084272       0.064412    0    0.000000
    37     1   0.065243       0.064412   36    0.000000
    38     1   0.053582       0.053582  -99    0.000000
    39     1   0.021000       0.024191    0    0.000000
    40     1   0.019648       0.024191   39    0.000000
    41     1   0.064491       0.046557    0    0.000000
    42     1   0.050400       0.046557   41    0.000000
    43     1  -0.004265       0.006900    0    0.000000
    44     1   0.008387       0.006900   43    0.000000
    45     1   0.109847       0.074177    0    0.000000
    46     1   0.089654       0.074177   45    0.000000
    47     1   0.103269       0.074177   45    0.000000
    48     1   0.452019       0.452019  -99    0.000000
    49     1   0.480065       0.480065  -99    0.000000
    50     1   0.135436       0.119622    0    0.000000
    51     1   0.115326       0.119622   50    0.000000
    52     1   0.116614       0.119622   50    0.000000
    53     1  -0.013796      -0.013796  -99    0.000000
    54     8  -0.678168      -0.678168  -99    0.001459
    55     1   0.431379       0.431379  -99    0.000000
    56     1   0.007478       0.007478  -99    0.000000

        Statistics of the fitting:
  The initial sum of squares (ssvpot)                      4.272
  The residual sum of squares (chipot)                     0.017
  The std err of estimate (sqrt(chipot/N))               0.00126
  ESP relative RMS (SQRT(chipot/ssvpot))                 0.06249

 Dipole Moment (Debye)=   3.92558
