
Resp charges for organic molecule                                               

iqopt   irstrnt  ihfree     qwt
  2      1      1        0.001000

 rel.rms   dipole mom       Qxx      Qyy      Qzz
    0.07758   2.32093-121.10332  71.79635  49.30697

          Point charges before & after optimization
    NO   At.No.    q0           q(opt)   IVARY  d(rstr)/dq 
     1     6   0.040575       0.071682    0    0.008127
     2     6  -0.310604      -0.335280    0    0.002858
     3     6   0.758692       0.758692  -99    0.001307
     4     8  -0.592133      -0.592133  -99    0.001665
     5     6  -0.497992      -0.497992  -99    0.001969
     6     6   0.026680       0.026680  -99    0.009662
     7     6  -0.074430      -0.033291    0    0.009488
     8     6  -0.058908      -0.145253    0    0.005671
     9     6  -0.021443      -0.021443  -99    0.009778
    10     6   0.014292       0.014292  -99    0.009899
    11     6   0.216351       0.216351  -99    0.004196
    12     6  -0.052469      -0.031597    0    0.009535
    13     6  -0.115893      -0.250005    0    0.003714
    14     6   0.293669       0.293669  -99    0.003223
    15     6  -0.014559      -0.014559  -99    0.009896
    16     6  -0.049991      -0.028003    0    0.009630
    17     6  -0.172910      -0.228046    0    0.004016
    18     6  -0.005947      -0.005947  -99    0.009982
    19     6  -0.498295      -0.431967    0    0.002255
    20     6  -0.391571      -0.360828    0    0.002671
    21     6   0.597383       0.597383  -99    0.001651
    22     8  -0.551090      -0.551090  -99    0.001785
    23     6  -0.353140      -0.265840    0    0.003521
    24     1   0.003569       0.001296    0    0.000000
    25     1   0.029194       0.001296   24    0.000000
    26     1   0.087962       0.095127    0    0.000000
    27     1   0.084302       0.095127   26    0.000000
    28     1   0.187182       0.187182  -99    0.000000
    29     1   0.046589       0.049549    0    0.000000
    30     1   0.064724       0.049549   29    0.000000
    31     1   0.022316       0.051945    0    0.000000
    32     1   0.030721       0.051945   31    0.000000
    33     1   0.046073       0.046073  -99    0.000000
    34     1   0.007636       0.007636  -99    0.000000
    35     1   0.006932       0.027585    0    0.000000
    36     1   0.032303       0.027585   35    0.000000
    37     1   0.007330       0.050757    0    0.000000
    38     1   0.039801       0.050757   37    0.000000
    39     1   0.019494       0.019494  -99    0.000000
    40     1   0.027359       0.025871    0    0.000000
    41     1   0.027817       0.025871   40    0.000000
    42     1   0.068760       0.076835    0    0.000000
    43     1   0.050936       0.076835   42    0.000000
    44     1  -0.011286      -0.011286  -99    0.000000
    45     1   0.103109       0.088650    0    0.000000
    46     1   0.106324       0.088650   45    0.000000
    47     1   0.086079       0.088650   45    0.000000
    48     1   0.101684       0.109572    0    0.000000
    49     1   0.140252       0.109572   48    0.000000
    50     1   0.119854       0.109572   48    0.000000
    51     1   0.111869       0.070943    0    0.000000
    52     1   0.096494       0.070943   51    0.000000
    53     1   0.068353       0.070943   51    0.000000

        Statistics of the fitting:
  The initial sum of squares (ssvpot)                      2.758
  The residual sum of squares (chipot)                     0.017
  The std err of estimate (sqrt(chipot/N))               0.00128
  ESP relative RMS (SQRT(chipot/ssvpot))                 0.07758

 Dipole Moment (Debye)=   2.32093
