
Resp charges for organic molecule                                               

iqopt   irstrnt  ihfree     qwt
  2      1      1        0.001000

 rel.rms   dipole mom       Qxx      Qyy      Qzz
    0.07072   4.49901-187.35933 117.61288  69.74644

          Point charges before & after optimization
    NO   At.No.    q0           q(opt)   IVARY  d(rstr)/dq 
     1     6  -0.130448      -0.130448  -99    0.006084
     2     6  -0.214467      -0.054278    0    0.008789
     3     6   0.334317       0.334317  -99    0.002866
     4     6   0.411844       0.411844  -99    0.002360
     5     6   0.018021       0.018021  -99    0.009841
     6     6  -0.497880      -0.497880  -99    0.001969
     7     6   0.745175       0.745175  -99    0.001330
     8     6  -0.458376      -0.412507    0    0.002356
     9     6  -0.244388      -0.388721    0    0.002491
    10     6  -0.140444      -0.140444  -99    0.005800
    11     6   0.600014       0.600014  -99    0.001644
    12     6   0.177651       0.163892    0    0.005209
    13     6   0.022860       0.111255    0    0.006685
    14     6   0.579007       0.579007  -99    0.001702
    15     6   0.016100       0.016100  -99    0.009873
    16     6  -0.431016      -0.431016  -99    0.002260
    17     6   0.374772       0.374772  -99    0.002578
    18     8  -0.718935      -0.718935  -99    0.001378
    19     8  -0.510118      -0.510118  -99    0.001924
    20     8  -0.583818      -0.583818  -99    0.001688
    21     6  -0.284115      -0.278553    0    0.003379
    22     6   0.008598      -0.001456    0    0.009999
    23     6  -0.090476      -0.048196    0    0.009008
    24     6  -0.019926      -0.129360    0    0.006116
    25     8  -0.511305      -0.511305  -99    0.001919
    26     8  -0.701795      -0.701795  -99    0.001411
    27     1   0.030583       0.030583  -99    0.000000
    28     1   0.022859      -0.051937    0    0.000000
    29     1   0.006921      -0.051937   28    0.000000
    30     1   0.192717       0.192717  -99    0.000000
    31     1   0.082014       0.124787    0    0.000000
    32     1   0.082907       0.124787   31    0.000000
    33     1   0.008061       0.008061  -99    0.000000
    34     1   0.056613       0.025189    0    0.000000
    35     1  -0.032681       0.025189   34    0.000000
    36     1   0.021725      -0.012961    0    0.000000
    37     1  -0.003211      -0.012961   36    0.000000
    38     1   0.051602       0.051602  -99    0.000000
    39     1   0.101468       0.101468  -99    0.000000
    40     1   0.002727       0.002727  -99    0.000000
    41     1   0.084714       0.081479    0    0.000000
    42     1   0.077790       0.081479   41    0.000000
    43     1   0.023509       0.008973    0    0.000000
    44     1   0.003397       0.008973   43    0.000000
    45     1   0.053246       0.055264    0    0.000000
    46     1   0.068481       0.055264   45    0.000000
    47     1   0.038164       0.059561    0    0.000000
    48     1   0.014304       0.059561   47    0.000000
    49     1   0.446540       0.446540  -99    0.000000
    50     1   0.117970       0.098210    0    0.000000
    51     1   0.129096       0.098210   50    0.000000
    52     1   0.092232       0.098210   50    0.000000
    53     1   0.444835       0.444835  -99    0.000000
    54     1   0.030562       0.030562  -99    0.000000

        Statistics of the fitting:
  The initial sum of squares (ssvpot)                      6.865
  The residual sum of squares (chipot)                     0.034
  The std err of estimate (sqrt(chipot/N))               0.00181
  ESP relative RMS (SQRT(chipot/ssvpot))                 0.07072

 Dipole Moment (Debye)=   4.49901
