# Reading prmtop information...
#%VERSION  VERSION_STAMP = V0001.000  DATE = 03/06/23  11:07:27                  
# N: 49213 Ntypes: 27 Nres: 15294 NPH: 1 NNB:83604
# There is a cubic periodic box. IFBOX = 1.
# Prmtop file ../../leap/AS4_mut/MR-AS4_S810L.prmtop read successfully!
#
# Define the format of the trajectory file: 
#
# 	 1) AMBER MDCRD FILE
# 	 2) GZIPPED AMBER MDCRD FILE
# 	 3) NETCDF FORMAT FILE
# 	 4) CHARMM DCD FORMAT FILE
#
# Enter your choice number: #
# Choose your option for energy calculations:
#
# 	 1) Ligand - Protein interaction calculations
# 	 2) Ligand - Environment interaction calculations
# 	 3) Ligand - Solvent interaction calculations
# 	 4) Selection - Selection interaction calculations
# 	 5) Protein Internal Energy Calculations
# 	 6) Multiple Selection - Multiple Selection Calculations
# 	 7) Multiple Selection - Multiple Selection w/ Chuncks Calculations
#
# Enter your choice number: # Define your ligand residue number: # You selected atoms 1 (C1) to 54 (H28)
# And atom 1 (C1) to 54 (H28).
# NetCDF Frame dimension: 1000
# NetCDF number of atoms: 49213
#        Step         Elec          VDW        Total
            1     -40.2562     -54.3920     -94.6482
            2     -28.7401     -56.7827     -85.5228
            3     -31.9666     -54.5094     -86.4760
            4     -34.7069     -56.3434     -91.0503
            5     -31.4080     -57.5887     -88.9967
            6     -33.3698     -51.9504     -85.3202
            7     -33.1109     -50.0496     -83.1604
            8     -31.8842     -58.7165     -90.6007
            9     -25.0115     -54.2473     -79.2588
           10     -34.7125     -53.8923     -88.6048
           11     -30.5291     -53.9748     -84.5040
           12     -32.6516     -58.8193     -91.4708
           13     -33.1058     -51.5320     -84.6378
           14     -29.5284     -57.8923     -87.4207
           15     -24.5492     -57.2390     -81.7882
           16     -37.0745     -55.2564     -92.3309
           17     -26.2085     -52.5837     -78.7922
           18     -35.7495     -56.2967     -92.0462
           19     -32.8691     -50.8600     -83.7292
           20     -31.7229     -55.1965     -86.9194
           21     -29.5360     -55.3405     -84.8765
           22     -37.5855     -52.5756     -90.1611
           23     -29.5018     -54.3982     -83.9000
           24     -31.3097     -55.6819     -86.9916
           25     -36.5457     -53.4656     -90.0113
           26     -43.0873     -50.2871     -93.3744
           27     -37.7458     -52.0805     -89.8263
           28     -33.0834     -57.7385     -90.8219
           29     -33.0075     -55.3130     -88.3205
           30     -29.6438     -56.9844     -86.6283
           31     -32.6138     -55.0110     -87.6247
           32     -35.6427     -51.8215     -87.4643
           33     -29.0269     -57.1489     -86.1758
           34     -31.1721     -55.3321     -86.5042
           35     -35.6824     -54.4569     -90.1393
           36     -23.9908     -54.7204     -78.7112
           37     -35.9820     -60.1401     -96.1221
           38     -30.1895     -51.8906     -82.0801
           39     -38.5904     -57.5866     -96.1770
           40     -41.1434     -59.0411    -100.1845
           41     -27.2276     -54.7602     -81.9878
           42     -29.2180     -55.4177     -84.6357
           43     -33.3324     -56.0068     -89.3392
           44     -34.1693     -52.7042     -86.8735
           45     -37.7264     -56.1807     -93.9071
           46     -34.2660     -58.0201     -92.2861
           47     -39.6992     -52.2096     -91.9087
           48     -38.9045     -50.1329     -89.0374
           49     -39.2756     -52.3418     -91.6174
           50     -40.9448     -51.6181     -92.5629
           51     -38.5590     -51.8186     -90.3775
           52     -35.5851     -56.8387     -92.4238
           53     -46.9368     -50.5890     -97.5258
           54     -40.2096     -50.0415     -90.2511
           55     -39.9412     -55.2932     -95.2344
           56     -33.3626     -58.5291     -91.8916
           57     -31.2692     -54.1401     -85.4093
           58     -32.9496     -53.6584     -86.6080
           59     -32.0711     -57.7742     -89.8452
           60     -32.8187     -55.7971     -88.6158
           61     -35.4405     -54.4038     -89.8443
           62     -26.2561     -56.8081     -83.0642
           63     -34.5144     -53.2900     -87.8044
           64     -27.1121     -54.6773     -81.7894
           65     -22.2563     -52.9594     -75.2156
           66     -27.0364     -56.4971     -83.5335
           67     -33.4187     -52.5844     -86.0032
           68     -26.0609     -58.2796     -84.3405
           69     -30.5367     -57.1006     -87.6372
           70     -29.8154     -53.9617     -83.7770
           71     -36.3285     -49.9178     -86.2464
           72     -38.5553     -53.1769     -91.7322
           73     -26.0010     -55.7688     -81.7698
           74     -23.5327     -57.3340     -80.8666
           75     -32.1603     -53.7818     -85.9421
           76     -34.5457     -54.4277     -88.9734
           77     -39.8248     -51.6876     -91.5125
           78     -23.7175     -51.9593     -75.6769
           79     -39.6695     -44.8173     -84.4868
           80     -34.7849     -55.4731     -90.2580
           81     -33.7094     -52.5283     -86.2377
           82     -31.8136     -60.7370     -92.5506
           83     -31.1541     -56.8832     -88.0373
           84     -35.5348     -53.5756     -89.1104
           85     -33.1858     -58.8936     -92.0793
           86     -28.6890     -55.2255     -83.9145
           87     -37.2847     -54.3872     -91.6719
           88     -30.0215     -55.3240     -85.3455
           89     -32.4022     -57.2644     -89.6666
           90     -26.4617     -56.2237     -82.6854
           91     -33.2229     -54.0902     -87.3131
           92     -32.1010     -57.2012     -89.3022
           93     -29.2059     -59.9975     -89.2034
           94     -37.1375     -54.6850     -91.8225
           95     -36.7389     -51.3580     -88.0969
           96     -29.6865     -54.1403     -83.8268
           97     -34.6983     -58.2717     -92.9700
           98     -39.9058     -56.3313     -96.2371
           99     -34.4750     -54.5731     -89.0481
          100     -29.9819     -58.3606     -88.3425
          101     -31.1521     -58.7029     -89.8549
          102     -38.0610     -55.7504     -93.8114
          103     -40.5821     -51.8087     -92.3908
          104     -30.8315     -55.5334     -86.3649
          105     -31.2933     -55.2086     -86.5019
          106     -31.8481     -53.3849     -85.2330
          107     -25.1015     -53.1444     -78.2459
          108     -33.0884     -53.3091     -86.3975
          109     -26.6318     -53.6598     -80.2917
          110     -37.4591     -55.4610     -92.9200
          111     -28.9569     -53.3918     -82.3487
          112     -28.1484     -55.1861     -83.3345
          113     -44.4411     -48.7195     -93.1606
          114     -35.7626     -48.7421     -84.5047
          115     -31.8405     -58.0889     -89.9294
          116     -40.5487     -52.4488     -92.9975
          117     -32.3715     -57.1146     -89.4860
          118     -33.4270     -54.5144     -87.9414
          119     -29.1487     -58.1073     -87.2560
          120     -32.6151     -48.8999     -81.5150
          121     -36.8684     -53.3071     -90.1755
          122     -40.1210     -52.5079     -92.6289
          123     -36.5974     -50.8382     -87.4355
          124     -26.3843     -53.4470     -79.8313
          125     -34.7376     -56.4213     -91.1590
          126     -34.4661     -49.7273     -84.1934
          127     -28.6833     -55.7547     -84.4380
          128     -43.0580     -50.8980     -93.9560
          129     -33.3501     -59.0201     -92.3702
          130     -32.9260     -51.8926     -84.8186
          131     -35.4596     -53.9799     -89.4395
          132     -40.7542     -49.9175     -90.6717
          133     -29.4441     -57.5850     -87.0291
          134     -26.1092     -56.1217     -82.2308
          135     -34.3017     -53.1515     -87.4532
          136     -31.2530     -52.6620     -83.9150
          137     -31.7175     -51.7718     -83.4893
          138     -26.4027     -53.8502     -80.2529
          139     -33.1109     -55.0424     -88.1532
          140     -42.3612     -53.0670     -95.4282
          141     -35.6758     -52.0694     -87.7452
          142     -35.6155     -54.9230     -90.5385
          143     -37.5492     -54.3367     -91.8859
          144     -29.7644     -55.1286     -84.8929
          145     -45.0877     -50.4871     -95.5749
          146     -28.8014     -50.6178     -79.4191
          147     -36.2050     -56.6319     -92.8369
          148     -32.2589     -53.5280     -85.7869
          149     -26.8305     -56.6767     -83.5072
          150     -28.1853     -57.2993     -85.4846
          151     -38.5560     -47.5886     -86.1446
          152     -31.4539     -52.0626     -83.5165
          153     -32.8924     -50.9052     -83.7976
          154     -29.9649     -52.2991     -82.2640
          155     -38.0918     -52.2061     -90.2979
          156     -46.2768     -53.5225     -99.7993
          157     -32.3131     -56.1625     -88.4756
          158     -25.1828     -54.7377     -79.9205
          159     -28.0755     -57.9357     -86.0112
          160     -30.7633     -50.4032     -81.1664
          161     -24.9612     -56.2647     -81.2259
          162     -25.6940     -52.2529     -77.9468
          163     -31.5133     -56.0793     -87.5926
          164     -32.0265     -56.7239     -88.7504
          165     -32.1925     -51.0531     -83.2456
          166     -32.9829     -52.1218     -85.1046
          167     -24.2353     -53.3257     -77.5610
          168     -29.0933     -51.9480     -81.0413
          169     -39.7594     -52.3888     -92.1482
          170     -35.3101     -48.6166     -83.9267
          171     -22.4863     -57.9454     -80.4317
          172     -27.5638     -56.1935     -83.7572
          173     -29.2190     -53.7747     -82.9937
          174     -33.4408     -56.5872     -90.0280
          175     -27.1412     -56.5754     -83.7166
          176     -22.7461     -56.2164     -78.9625
          177     -26.7026     -55.7500     -82.4526
          178     -35.2796     -51.5378     -86.8174
          179     -31.4960     -50.7089     -82.2050
          180     -34.2012     -47.7156     -81.9168
          181     -33.4695     -55.2673     -88.7368
          182     -34.3883     -45.3702     -79.7585
          183     -32.4625     -55.1840     -87.6465
          184     -38.6727     -51.1176     -89.7903
          185     -39.7981     -50.2389     -90.0370
          186     -27.3634     -49.3013     -76.6647
          187     -28.0426     -55.3827     -83.4252
          188     -27.8697     -56.4379     -84.3076
          189     -32.1346     -50.1596     -82.2942
          190     -20.2293     -53.6819     -73.9113
          191     -27.6955     -52.1222     -79.8177
          192     -30.8431     -56.1726     -87.0157
          193     -33.4870     -53.8959     -87.3829
          194     -38.5387     -48.0788     -86.6175
          195     -18.5071     -52.8148     -71.3219
          196     -36.1493     -48.2446     -84.3939
          197     -41.8266     -50.2250     -92.0515
          198     -29.3133     -58.1237     -87.4370
          199     -35.5351     -50.2863     -85.8213
          200     -29.6531     -58.2781     -87.9312
          201     -29.1611     -58.9956     -88.1568
          202     -36.6620     -53.1046     -89.7666
          203     -28.2417     -53.9281     -82.1698
          204     -24.5764     -51.1850     -75.7615
          205     -29.7295     -51.1465     -80.8760
          206     -36.2626     -51.3549     -87.6175
          207     -34.6905     -50.7960     -85.4865
          208     -33.6877     -54.1392     -87.8269
          209     -36.4179     -49.7557     -86.1737
          210     -27.6756     -51.5065     -79.1821
          211     -33.7186     -48.6069     -82.3255
          212     -27.3308     -54.1720     -81.5028
          213     -29.7446     -50.5721     -80.3167
          214     -31.5615     -51.8816     -83.4432
          215     -27.9239     -53.7548     -81.6786
          216     -26.9770     -54.7896     -81.7666
          217     -33.6790     -53.6776     -87.3566
          218     -31.8145     -51.8785     -83.6930
          219     -27.2426     -56.4120     -83.6546
          220     -31.7064     -51.6884     -83.3947
          221     -31.5171     -53.5719     -85.0890
          222     -31.2225     -48.3859     -79.6084
          223     -20.9527     -54.8157     -75.7684
          224     -28.4194     -53.2397     -81.6591
          225     -28.9881     -56.2259     -85.2140
          226     -27.0609     -50.1496     -77.2105
          227     -29.6473     -53.0215     -82.6688
          228     -31.8724     -50.4982     -82.3707
          229     -27.9583     -55.9499     -83.9082
          230     -28.3895     -55.1595     -83.5491
          231     -22.6747     -53.9022     -76.5769
          232     -41.3166     -51.2890     -92.6055
          233     -27.0794     -46.6377     -73.7171
          234     -27.8811     -55.8687     -83.7498
          235     -33.6393     -58.3302     -91.9695
          236     -35.8998     -50.2431     -86.1429
          237     -38.8395     -47.1213     -85.9608
          238     -28.6509     -57.5725     -86.2233
          239     -36.0235     -49.9296     -85.9531
          240     -29.9893     -55.2569     -85.2462
          241     -27.6726     -55.0766     -82.7492
          242     -31.7327     -53.4262     -85.1589
          243     -27.7926     -52.9128     -80.7054
          244     -32.6814     -55.9748     -88.6562
          245     -27.6201     -60.5115     -88.1317
          246     -29.4843     -55.0043     -84.4886
          247     -26.8704     -55.4238     -82.2941
          248     -30.1684     -52.4667     -82.6350
          249     -22.7987     -50.8058     -73.6045
          250     -29.0163     -53.0309     -82.0472
          251     -36.5606     -49.0423     -85.6029
          252     -26.4353     -44.8896     -71.3249
          253     -25.0506     -46.7852     -71.8359
          254     -27.6003     -50.7293     -78.3296
          255     -29.9942     -49.1891     -79.1833
          256     -30.6950     -53.3219     -84.0168
          257     -34.3140     -44.6884     -79.0024
          258     -33.3351     -51.9953     -85.3304
          259     -29.4165     -53.0382     -82.4546
          260     -24.1493     -54.7808     -78.9301
          261     -23.5705     -53.9069     -77.4773
          262     -30.1124     -53.4683     -83.5807
          263     -22.5542     -55.1139     -77.6681
          264     -21.9145     -50.9484     -72.8629
          265     -19.3952     -57.0825     -76.4778
          266     -28.8388     -53.4015     -82.2402
          267     -34.2844     -50.2077     -84.4921
          268     -30.4735     -52.8592     -83.3327
          269     -37.9099     -50.1242     -88.0340
          270     -31.9688     -50.0840     -82.0528
          271     -29.5344     -57.8252     -87.3596
          272     -33.8012     -50.7223     -84.5235
          273     -29.2444     -55.1007     -84.3451
          274     -42.4655     -48.7500     -91.2156
          275     -39.8501     -51.4875     -91.3376
          276     -34.3518     -47.5220     -81.8738
          277     -27.5154     -55.2281     -82.7435
          278     -31.2723     -50.5586     -81.8309
          279     -27.0681     -48.9251     -75.9932
          280     -36.4042     -45.2470     -81.6512
          281     -30.3383     -51.5153     -81.8535
          282     -29.6078     -49.6469     -79.2547
          283     -25.4836     -52.8858     -78.3694
          284     -33.6030     -55.8029     -89.4059
          285     -29.2131     -55.1958     -84.4088
          286     -33.0328     -49.9635     -82.9963
          287     -27.3590     -53.5993     -80.9584
          288     -30.8719     -50.1751     -81.0470
          289     -31.1908     -45.8638     -77.0546
          290     -34.9076     -52.7368     -87.6444
          291     -26.5770     -55.8313     -82.4083
          292     -25.1823     -50.3853     -75.5676
          293     -30.5427     -49.0566     -79.5993
          294     -34.5385     -53.3669     -87.9054
          295     -27.8603     -53.3203     -81.1807
          296     -30.2696     -52.4216     -82.6912
          297     -23.6259     -51.0692     -74.6951
          298     -32.2371     -52.3477     -84.5848
          299     -25.7362     -53.1889     -78.9251
          300     -30.1192     -52.1350     -82.2542
          301     -22.5140     -52.0810     -74.5950
          302     -35.2016     -52.7176     -87.9192
          303     -33.1877     -49.9592     -83.1469
          304     -28.2236     -50.7278     -78.9514
          305     -28.3350     -54.9817     -83.3167
          306     -29.8867     -53.5948     -83.4815
          307     -28.7780     -56.0742     -84.8522
          308     -31.5328     -50.3895     -81.9223
          309     -30.1823     -52.7559     -82.9382
          310     -27.9234     -52.4699     -80.3933
          311     -33.1136     -45.8795     -78.9931
          312     -40.2531     -47.6155     -87.8686
          313     -31.1249     -45.3562     -76.4811
          314     -27.5671     -51.2754     -78.8425
          315     -19.3350     -56.1011     -75.4361
          316     -31.1130     -50.7487     -81.8617
          317     -36.1945     -50.4442     -86.6387
          318     -33.7748     -50.6263     -84.4011
          319     -27.1993     -48.8965     -76.0958
          320     -23.9030     -56.4358     -80.3388
          321     -36.1598     -49.1453     -85.3051
          322     -35.3332     -50.3496     -85.6829
          323     -29.7909     -51.4909     -81.2818
          324     -38.4244     -50.6897     -89.1140
          325     -32.2691     -50.8496     -83.1187
          326     -27.5730     -53.1734     -80.7464
          327     -35.3255     -49.8937     -85.2192
          328     -27.3290     -51.9016     -79.2306
          329     -26.8943     -54.9234     -81.8177
          330     -30.6459     -50.5653     -81.2111
          331     -27.4165     -55.1937     -82.6102
          332     -22.4130     -53.4160     -75.8290
          333     -29.3301     -53.0128     -82.3429
          334     -31.7499     -53.6180     -85.3679
          335     -35.1529     -48.2387     -83.3916
          336     -30.6318     -50.6124     -81.2442
          337     -32.6967     -48.8487     -81.5455
          338     -36.7708     -47.6248     -84.3956
          339     -34.3002     -55.1657     -89.4659
          340     -30.5256     -51.4581     -81.9837
          341     -31.8535     -53.7656     -85.6192
          342     -23.9560     -54.7033     -78.6593
          343     -30.2731     -53.9931     -84.2662
          344     -26.0342     -55.8259     -81.8601
          345     -38.7662     -53.0956     -91.8618
          346     -33.0973     -50.9558     -84.0531
          347     -28.6608     -52.0555     -80.7163
          348     -29.1082     -50.7757     -79.8839
          349     -23.4357     -56.6096     -80.0453
          350     -18.9215     -60.1947     -79.1162
          351     -30.2398     -54.4534     -84.6932
          352     -27.7069     -52.7882     -80.4950
          353     -24.2119     -53.5375     -77.7494
          354     -30.4533     -54.9533     -85.4065
          355     -27.8818     -54.7242     -82.6060
          356     -25.7154     -55.7780     -81.4935
          357     -31.7737     -52.5803     -84.3540
          358     -36.5148     -47.6817     -84.1965
          359     -29.4128     -50.8903     -80.3031
          360     -33.0891     -50.3808     -83.4698
          361     -35.4548     -46.8074     -82.2621
          362     -34.0794     -50.4751     -84.5545
          363     -35.4133     -53.5588     -88.9721
          364     -25.7964     -53.5716     -79.3680
          365     -36.2958     -52.8998     -89.1956
          366     -27.5094     -53.0025     -80.5119
          367     -21.2848     -52.1587     -73.4434
          368     -33.6928     -51.9107     -85.6035
          369     -42.5074     -47.4584     -89.9658
          370     -33.3876     -52.8299     -86.2174
          371     -31.3260     -50.5765     -81.9025
          372     -35.8750     -50.7536     -86.6286
          373     -33.4265     -52.6918     -86.1183
          374     -34.2132     -54.1010     -88.3142
          375     -34.8339     -49.0934     -83.9273
          376     -31.3584     -53.6304     -84.9889
          377     -29.1265     -49.8054     -78.9319
          378     -29.6070     -53.4691     -83.0760
          379     -31.0197     -50.2633     -81.2829
          380     -28.9879     -51.9131     -80.9010
          381     -28.2025     -52.8006     -81.0031
          382     -23.1093     -52.5070     -75.6163
          383     -27.4673     -54.0451     -81.5124
          384     -27.6573     -54.5070     -82.1643
          385     -35.2923     -51.3640     -86.6564
          386     -26.0525     -54.4088     -80.4614
          387     -35.9563     -50.0279     -85.9842
          388     -30.6041     -51.9262     -82.5302
          389     -32.8159     -50.4059     -83.2218
          390     -29.6488     -50.3703     -80.0192
          391     -32.7965     -50.3292     -83.1257
          392     -27.9383     -47.5223     -75.4606
          393     -26.7261     -52.8994     -79.6255
          394     -32.2192     -51.8464     -84.0656
          395     -22.6887     -52.1901     -74.8788
          396     -33.1636     -50.9536     -84.1171
          397     -36.3823     -47.0432     -83.4255
          398     -30.0145     -53.6373     -83.6518
          399     -28.9101     -54.9794     -83.8895
          400     -35.2086     -52.8941     -88.1026
          401     -32.0352     -55.0787     -87.1140
          402     -30.3707     -54.4946     -84.8653
          403     -31.2489     -57.0702     -88.3192
          404     -26.2053     -56.7436     -82.9490
          405     -29.5754     -56.4992     -86.0746
          406     -31.1465     -55.4289     -86.5753
          407     -31.4348     -54.5736     -86.0084
          408     -26.8806     -56.9178     -83.7984
          409     -37.5391     -54.2208     -91.7600
          410     -23.7530     -58.0015     -81.7545
          411     -36.3625     -48.4922     -84.8547
          412     -38.6181     -46.8045     -85.4226
          413     -39.4983     -49.6468     -89.1451
          414     -32.6723     -53.9012     -86.5735
          415     -26.2385     -54.7556     -80.9942
          416     -31.5530     -53.5333     -85.0862
          417     -26.2484     -51.4548     -77.7032
          418     -26.6927     -55.8541     -82.5469
          419     -28.4060     -49.5667     -77.9727
          420     -30.1857     -51.8549     -82.0406
          421     -42.1824     -42.8902     -85.0726
          422     -34.4522     -46.7160     -81.1682
          423     -35.5401     -52.2693     -87.8094
          424     -41.0636     -47.5787     -88.6423
          425     -44.7164     -46.4338     -91.1502
          426     -36.9611     -46.8332     -83.7943
          427     -26.8554     -56.6725     -83.5279
          428     -31.9853     -56.7506     -88.7358
          429     -32.7400     -52.0531     -84.7931
          430     -31.4552     -48.8342     -80.2894
          431     -34.1783     -50.5199     -84.6982
          432     -30.7307     -53.0888     -83.8196
          433     -29.2105     -52.4234     -81.6339
          434     -31.4959     -50.3426     -81.8384
          435     -36.6314     -52.1715     -88.8029
          436     -29.5969     -49.2213     -78.8182
          437     -33.3519     -56.3802     -89.7321
          438     -27.2206     -53.1480     -80.3686
          439     -34.9424     -54.3160     -89.2584
          440     -26.4099     -52.8936     -79.3034
          441     -29.4471     -55.2475     -84.6946
          442     -30.3883     -48.7254     -79.1137
          443     -32.6307     -55.2735     -87.9042
          444     -35.1436     -52.6184     -87.7620
          445     -30.5294     -51.1674     -81.6968
          446     -32.5940     -53.7560     -86.3500
          447     -26.9244     -56.4044     -83.3288
          448     -32.0170     -52.5861     -84.6031
          449     -30.4309     -52.2642     -82.6950
          450     -30.2294     -50.0817     -80.3111
          451     -35.4009     -53.1481     -88.5490
          452     -34.1803     -51.3224     -85.5026
          453     -38.0543     -49.0082     -87.0625
          454     -30.2425     -53.1589     -83.4014
          455     -32.4637     -54.0594     -86.5231
          456     -30.7845     -50.9971     -81.7816
          457     -31.9228     -53.1009     -85.0238
          458     -30.0316     -55.0655     -85.0971
          459     -35.9431     -45.8868     -81.8299
          460     -27.1697     -51.4943     -78.6640
          461     -32.8242     -52.9220     -85.7462
          462     -34.7420     -54.7501     -89.4921
          463     -37.7921     -53.8365     -91.6286
          464     -25.2800     -55.1115     -80.3916
          465     -35.0828     -48.7691     -83.8518
          466     -31.7116     -49.7963     -81.5079
          467     -33.7784     -49.3850     -83.1634
          468     -34.2487     -44.9221     -79.1708
          469     -29.4276     -52.0867     -81.5143
          470     -39.8256     -48.2464     -88.0720
          471     -36.8355     -49.9046     -86.7401
          472     -25.7420     -46.6773     -72.4193
          473     -37.0734     -50.8417     -87.9152
          474     -32.8672     -52.1709     -85.0381
          475     -36.9748     -46.6379     -83.6127
          476     -25.8291     -55.2287     -81.0578
          477     -31.3092     -50.8395     -82.1487
          478     -23.3225     -57.9338     -81.2563
          479     -29.9011     -55.2050     -85.1061
          480     -30.5093     -49.7310     -80.2403
          481     -32.3718     -52.4630     -84.8349
          482     -33.8586     -53.9212     -87.7798
          483     -35.3893     -47.7651     -83.1545
          484     -29.3105     -54.2540     -83.5645
          485     -34.1981     -54.7216     -88.9196
          486     -28.0796     -55.9058     -83.9854
          487     -26.8541     -54.2655     -81.1196
          488     -26.6591     -52.8869     -79.5460
          489     -27.7977     -53.3837     -81.1814
          490     -40.8741     -45.2779     -86.1520
          491     -37.8357     -51.4371     -89.2728
          492     -35.7505     -50.2900     -86.0406
          493     -26.7710     -49.7734     -76.5444
          494     -31.5508     -50.6750     -82.2259
          495     -31.4478     -41.8970     -73.3448
          496     -29.7964     -48.9520     -78.7484
          497     -40.2112     -50.3272     -90.5383
          498     -39.3883     -48.3609     -87.7493
          499     -27.5061     -53.8723     -81.3784
          500     -28.6583     -52.8518     -81.5100
          501     -33.5635     -50.8513     -84.4148
          502     -24.7437     -57.0986     -81.8423
          503     -38.2602     -47.4299     -85.6901
          504     -31.9462     -51.3973     -83.3434
          505     -34.1971     -55.5691     -89.7662
          506     -29.3193     -57.0974     -86.4167
          507     -29.1810     -52.7828     -81.9639
          508     -35.9701     -53.2795     -89.2496
          509     -31.7730     -57.1647     -88.9377
          510     -24.6763     -53.6399     -78.3163
          511     -26.0921     -49.1717     -75.2638
          512     -29.6456     -54.4103     -84.0559
          513     -30.9753     -53.4913     -84.4666
          514     -28.0964     -55.4321     -83.5285
          515     -28.7773     -58.3794     -87.1568
          516     -30.0862     -53.1038     -83.1900
          517     -32.3791     -54.0781     -86.4572
          518     -36.9100     -49.4157     -86.3257
          519     -32.8990     -50.8985     -83.7974
          520     -29.6305     -54.8714     -84.5019
          521     -26.2369     -54.1447     -80.3816
          522     -33.5934     -47.4250     -81.0184
          523     -27.5519     -56.0040     -83.5559
          524     -24.7056     -57.0544     -81.7600
          525     -31.9789     -50.1880     -82.1670
          526     -29.6910     -50.4433     -80.1343
          527     -30.2147     -51.0477     -81.2624
          528     -25.4204     -56.4123     -81.8327
          529     -33.7348     -53.6371     -87.3719
          530     -28.5583     -55.6837     -84.2420
          531     -36.4824     -49.0568     -85.5392
          532     -37.5516     -50.5661     -88.1176
          533     -34.7565     -55.8387     -90.5952
          534     -36.9284     -49.1596     -86.0879
          535     -28.1854     -53.4608     -81.6461
          536     -32.8861     -46.9954     -79.8815
          537     -35.2512     -56.6485     -91.8997
          538     -27.9691     -54.9294     -82.8984
          539     -32.1164     -56.4072     -88.5237
          540     -29.1530     -58.1044     -87.2574
          541     -34.1601     -53.4278     -87.5879
          542     -33.6917     -52.7994     -86.4910
          543     -32.7897     -54.0095     -86.7992
          544     -32.1734     -49.7687     -81.9421
          545     -35.3676     -50.7259     -86.0935
          546     -32.3226     -53.4914     -85.8140
          547     -24.6026     -55.9632     -80.5658
          548     -24.5575     -56.5986     -81.1561
          549     -25.4145     -56.7037     -82.1183
          550     -34.3914     -51.4048     -85.7962
          551     -33.1084     -55.2676     -88.3760
          552     -32.6095     -54.3611     -86.9706
          553     -31.6127     -52.8165     -84.4291
          554     -35.6815     -57.8051     -93.4866
          555     -29.8382     -57.3271     -87.1652
          556     -26.9080     -54.1853     -81.0933
          557     -35.8044     -54.6188     -90.4232
          558     -31.4123     -52.6975     -84.1098
          559     -38.1823     -52.0406     -90.2229
          560     -27.9153     -48.3927     -76.3079
          561     -25.4237     -54.3462     -79.7699
          562     -31.2575     -54.1520     -85.4095
          563     -31.5250     -54.4292     -85.9542
          564     -36.0449     -47.7673     -83.8122
          565     -33.3262     -53.1954     -86.5215
          566     -31.4622     -54.6857     -86.1479
          567     -29.7140     -55.7841     -85.4981
          568     -27.5306     -54.6267     -82.1573
          569     -24.8832     -59.8585     -84.7417
          570     -35.8775     -52.0463     -87.9237
          571     -31.0879     -53.3625     -84.4505
          572     -39.0366     -56.2849     -95.3215
          573     -40.4897     -50.6963     -91.1861
          574     -33.0928     -51.3854     -84.4782
          575     -29.2497     -52.5334     -81.7831
          576     -28.7896     -54.8299     -83.6195
          577     -31.8531     -49.6123     -81.4653
          578     -21.1465     -54.0007     -75.1472
          579     -25.8464     -55.6280     -81.4744
          580     -33.0502     -52.5752     -85.6254
          581     -28.0889     -56.6148     -84.7037
          582     -37.2957     -51.2122     -88.5080
          583     -33.0596     -52.2226     -85.2821
          584     -34.4548     -51.2045     -85.6594
          585     -31.3675     -56.7446     -88.1120
          586     -29.8875     -53.6577     -83.5453
          587     -30.8235     -53.1966     -84.0201
          588     -33.3572     -51.9616     -85.3188
          589     -37.0596     -56.3522     -93.4118
          590     -38.3639     -52.7970     -91.1609
          591     -23.6027     -52.1061     -75.7088
          592     -32.5863     -55.8510     -88.4374
          593     -32.8167     -54.6439     -87.4606
          594     -30.8066     -48.8325     -79.6391
          595     -27.0904     -50.6020     -77.6924
          596     -33.5779     -50.7839     -84.3618
          597     -31.8679     -51.3342     -83.2021
          598     -34.4456     -54.3571     -88.8027
          599     -28.5473     -52.9072     -81.4545
          600     -29.2456     -57.3229     -86.5685
          601     -30.6032     -59.8288     -90.4320
          602     -31.8817     -52.0020     -83.8837
          603     -36.8159     -50.1174     -86.9334
          604     -34.9699     -49.1369     -84.1068
          605     -31.6183     -51.9952     -83.6135
          606     -30.5354     -57.0669     -87.6024
          607     -28.6145     -54.1697     -82.7842
          608     -32.6874     -51.6697     -84.3570
          609     -28.4349     -47.9071     -76.3420
          610     -29.4172     -52.6734     -82.0906
          611     -20.7933     -56.1672     -76.9605
          612     -33.0103     -52.9565     -85.9668
          613     -29.4378     -54.8722     -84.3100
          614     -31.5103     -52.2006     -83.7108
          615     -22.7421     -55.4471     -78.1892
          616     -28.7150     -54.7145     -83.4295
          617     -30.9179     -54.4991     -85.4170
          618     -26.9338     -54.6490     -81.5828
          619     -27.2419     -55.8740     -83.1160
          620     -33.8618     -49.2175     -83.0793
          621     -22.5963     -55.9096     -78.5059
          622     -23.2933     -58.7927     -82.0860
          623     -31.7930     -52.4005     -84.1934
          624     -30.1176     -53.1588     -83.2763
          625     -32.2408     -53.2283     -85.4691
          626     -30.5659     -52.0792     -82.6451
          627     -30.4976     -53.5500     -84.0476
          628     -26.9486     -52.8288     -79.7773
          629     -30.8006     -53.3598     -84.1603
          630     -33.9218     -53.3043     -87.2261
          631     -23.9281     -56.8938     -80.8219
          632     -27.1182     -50.8357     -77.9539
          633     -24.5906     -54.2002     -78.7908
          634     -30.3594     -52.7405     -83.0999
          635     -27.8477     -55.0981     -82.9458
          636     -34.9143     -48.8938     -83.8081
          637     -25.6447     -54.8409     -80.4856
          638     -26.1146     -48.6140     -74.7286
          639     -23.8437     -48.0218     -71.8655
          640     -37.1360     -43.3228     -80.4588
          641     -33.0214     -51.6766     -84.6980
          642     -32.1548     -51.5629     -83.7176
          643     -30.0775     -51.9170     -81.9945
          644     -32.4486     -51.9666     -84.4152
          645     -26.6331     -56.8264     -83.4595
          646     -32.3504     -51.4511     -83.8015
          647     -34.5930     -52.9328     -87.5257
          648     -32.6670     -50.8454     -83.5124
          649     -30.2200     -51.6120     -81.8320
          650     -31.9909     -53.1278     -85.1187
          651     -27.5020     -58.2809     -85.7828
          652     -21.7060     -50.7485     -72.4544
          653     -22.0118     -52.0368     -74.0485
          654     -25.2777     -47.7253     -73.0031
          655     -25.0094     -54.6114     -79.6209
          656     -28.0728     -53.4384     -81.5112
          657     -24.7388     -49.3555     -74.0943
          658     -35.8603     -47.2869     -83.1472
          659     -25.9147     -54.0697     -79.9844
          660     -32.0319     -53.7610     -85.7929
          661     -37.4383     -51.6364     -89.0747
          662     -31.5951     -52.4776     -84.0726
          663     -31.8608     -53.4658     -85.3266
          664     -30.9536     -50.8028     -81.7564
          665     -28.1494     -51.9149     -80.0642
          666     -25.2797     -56.5592     -81.8389
          667     -29.8585     -51.9778     -81.8364
          668     -32.3193     -50.7994     -83.1187
          669     -27.1574     -46.3642     -73.5216
          670     -32.7966     -49.9062     -82.7028
          671     -27.5938     -48.5595     -76.1534
          672     -22.6622     -58.3367     -80.9989
          673     -24.7839     -50.1585     -74.9424
          674     -27.2998     -55.4245     -82.7243
          675     -27.3245     -56.9209     -84.2454
          676     -30.9092     -53.2501     -84.1593
          677     -36.4814     -48.7728     -85.2543
          678     -24.6062     -50.7775     -75.3837
          679     -29.7698     -47.0246     -76.7944
          680     -27.8683     -52.7673     -80.6356
          681     -28.6835     -52.5043     -81.1878
          682     -24.3410     -52.1504     -76.4914
          683     -41.7465     -46.1801     -87.9267
          684     -30.1514     -51.3524     -81.5038
          685     -35.1164     -48.4188     -83.5352
          686     -28.7648     -56.1783     -84.9431
          687     -24.3090     -52.5329     -76.8418
          688     -28.0581     -52.8350     -80.8932
          689     -38.0232     -49.8086     -87.8319
          690     -38.4747     -49.5138     -87.9885
          691     -29.8924     -55.1440     -85.0364
          692     -26.7257     -45.6428     -72.3685
          693     -26.3872     -51.6103     -77.9975
          694     -35.7456     -49.6728     -85.4184
          695     -36.0290     -45.2943     -81.3232
          696     -32.4434     -51.5992     -84.0425
          697     -41.3245     -47.4599     -88.7844
          698     -29.1513     -47.6394     -76.7906
          699     -21.7137     -50.2957     -72.0094
          700     -30.0723     -52.4347     -82.5071
          701     -29.3512     -55.7043     -85.0555
          702     -30.5754     -55.8621     -86.4375
          703     -20.8282     -56.0664     -76.8946
          704     -38.9953     -48.7028     -87.6982
          705     -36.2871     -51.5881     -87.8751
          706     -30.9270     -57.1281     -88.0551
          707     -18.9968     -57.7049     -76.7017
          708     -33.0222     -45.5061     -78.5283
          709     -29.6496     -52.8220     -82.4716
          710     -30.2279     -54.0936     -84.3215
          711     -30.2524     -56.9242     -87.1766
          712     -36.7437     -46.9182     -83.6619
          713     -29.5798     -51.4570     -81.0368
          714     -35.8077     -49.1387     -84.9464
          715     -21.9805     -55.7098     -77.6903
          716     -35.9907     -51.3357     -87.3264
          717     -30.4427     -48.7217     -79.1644
          718     -40.8099     -56.0924     -96.9023
          719     -30.1800     -57.3373     -87.5173
          720     -35.6714     -53.9978     -89.6692
          721     -34.0777     -59.5847     -93.6624
          722     -30.1497     -48.0322     -78.1819
          723     -32.0687     -51.2431     -83.3119
          724     -33.2492     -57.6111     -90.8604
          725     -27.3935     -54.9083     -82.3018
          726     -39.1066     -46.6488     -85.7554
          727     -32.3799     -53.5229     -85.9027
          728     -28.2928     -52.9300     -81.2228
          729     -29.4895     -55.6363     -85.1258
          730     -31.5086     -55.2730     -86.7815
          731     -38.6862     -52.3456     -91.0318
          732     -31.2923     -51.5273     -82.8196
          733     -38.9876     -52.5044     -91.4920
          734     -34.7453     -52.3591     -87.1044
          735     -33.8477     -57.6546     -91.5023
          736     -31.1215     -53.5236     -84.6451
          737     -30.1256     -50.9879     -81.1135
          738     -29.9177     -57.6089     -87.5266
          739     -35.4758     -50.2753     -85.7511
          740     -32.3508     -53.0797     -85.4305
          741     -34.0898     -53.5162     -87.6060
          742     -37.5014     -48.3203     -85.8218
          743     -30.6336     -53.7189     -84.3524
          744     -33.0201     -51.9260     -84.9461
          745     -29.8300     -50.9313     -80.7613
          746     -31.2080     -48.3539     -79.5619
          747     -32.9793     -53.7061     -86.6854
          748     -27.4330     -53.7893     -81.2223
          749     -31.2270     -51.2999     -82.5269
          750     -37.5298     -50.5152     -88.0450
          751     -34.2833     -49.0882     -83.3715
          752     -37.8174     -45.9029     -83.7203
          753     -25.5825     -53.5229     -79.1054
          754     -41.4000     -45.1956     -86.5956
          755     -35.9906     -50.0129     -86.0035
          756     -31.3963     -54.6494     -86.0457
          757     -26.3177     -51.8680     -78.1857
          758     -37.8969     -53.9871     -91.8840
          759     -38.3591     -51.8615     -90.2206
          760     -29.7287     -52.9564     -82.6851
          761     -29.8594     -52.7876     -82.6470
          762     -34.8665     -53.6075     -88.4740
          763     -28.6226     -50.1334     -78.7559
          764     -26.2422     -56.4921     -82.7343
          765     -32.8019     -51.8138     -84.6156
          766     -36.7062     -54.2434     -90.9496
          767     -31.8875     -53.1934     -85.0809
          768     -34.1973     -52.2611     -86.4583
          769     -28.9016     -57.1537     -86.0553
          770     -26.3142     -55.6845     -81.9987
          771     -34.1939     -51.8635     -86.0574
          772     -32.8667     -49.5273     -82.3940
          773     -26.7933     -54.0479     -80.8411
          774     -42.7900     -49.4255     -92.2154
          775     -35.8094     -53.6053     -89.4146
          776     -22.0413     -56.6868     -78.7280
          777     -32.4950     -51.3554     -83.8504
          778     -27.2393     -56.0066     -83.2459
          779     -40.6937     -46.6463     -87.3399
          780     -30.4644     -54.8117     -85.2761
          781     -27.5775     -56.1258     -83.7033
          782     -30.8819     -54.0215     -84.9034
          783     -26.7707     -56.0825     -82.8531
          784     -25.8775     -53.8234     -79.7008
          785     -29.2451     -56.5807     -85.8259
          786     -36.1027     -57.1376     -93.2403
          787     -33.5210     -52.6988     -86.2197
          788     -30.7787     -50.4169     -81.1956
          789     -31.9461     -56.2499     -88.1961
          790     -30.6869     -52.9693     -83.6562
          791     -35.0329     -52.0834     -87.1163
          792     -37.8785     -52.3558     -90.2343
          793     -33.3720     -54.1413     -87.5133
          794     -33.3983     -50.6464     -84.0448
          795     -30.4569     -46.3865     -76.8434
          796     -36.1255     -51.4695     -87.5950
          797     -24.9607     -56.0005     -80.9612
          798     -30.3575     -54.5043     -84.8618
          799     -30.1938     -56.3108     -86.5046
          800     -26.8227     -53.7572     -80.5799
          801     -24.9850     -55.8954     -80.8804
          802     -28.6933     -55.8653     -84.5586
          803     -32.4890     -57.3075     -89.7966
          804     -22.9369     -55.7930     -78.7299
          805     -27.4676     -55.6868     -83.1543
          806     -32.4123     -52.6704     -85.0827
          807     -28.8330     -53.3141     -82.1471
          808     -28.5490     -55.7164     -84.2654
          809     -28.9828     -54.7777     -83.7605
          810     -25.0929     -54.6710     -79.7639
          811     -27.1439     -55.4934     -82.6373
          812     -25.3109     -50.5139     -75.8248
          813     -29.0889     -52.1497     -81.2386
          814     -29.6927     -51.6251     -81.3178
          815     -24.8393     -53.6406     -78.4799
          816     -30.7636     -48.5685     -79.3321
          817     -32.2713     -50.5531     -82.8244
          818     -28.4703     -52.0694     -80.5397
          819     -36.7396     -44.6790     -81.4186
          820     -29.2895     -55.5082     -84.7977
          821     -26.7809     -50.1685     -76.9493
          822     -34.4538     -47.4254     -81.8792
          823     -30.7906     -50.1581     -80.9487
          824     -35.6493     -45.3017     -80.9510
          825     -26.0996     -54.0707     -80.1703
          826     -32.5137     -55.8162     -88.3299
          827     -29.6574     -50.8830     -80.5403
          828     -35.5576     -54.8117     -90.3693
          829     -36.5381     -50.7884     -87.3265
          830     -26.3732     -54.1308     -80.5040
          831     -32.5274     -50.7336     -83.2610
          832     -26.4766     -52.3879     -78.8645
          833     -43.9805     -48.0366     -92.0171
          834     -29.4257     -54.5328     -83.9585
          835     -36.7479     -54.2930     -91.0409
          836     -36.7370     -53.0011     -89.7380
          837     -34.9889     -51.9018     -86.8907
          838     -38.7371     -49.9154     -88.6525
          839     -44.3370     -49.7595     -94.0965
          840     -36.4860     -47.2058     -83.6918
          841     -29.1809     -54.3343     -83.5152
          842     -29.6778     -57.2076     -86.8854
          843     -36.4135     -50.7941     -87.2076
          844     -30.9401     -55.4346     -86.3747
          845     -36.5641     -49.5450     -86.1091
          846     -37.3973     -52.6638     -90.0611
          847     -26.4675     -54.8122     -81.2797
          848     -27.1230     -49.4298     -76.5528
          849     -24.0201     -53.8784     -77.8986
          850     -33.8080     -49.4877     -83.2957
          851     -39.2034     -48.0649     -87.2683
          852     -26.4397     -49.6432     -76.0829
          853     -29.4244     -48.8770     -78.3014
          854     -28.9781     -53.8883     -82.8664
          855     -35.1074     -52.5602     -87.6676
          856     -33.6261     -48.6572     -82.2833
          857     -22.0376     -57.6127     -79.6503
          858     -25.9454     -48.4058     -74.3512
          859     -34.4031     -50.2968     -84.6999
          860     -32.4151     -51.8377     -84.2527
          861     -26.3272     -49.9356     -76.2628
          862     -37.0397     -49.7224     -86.7620
          863     -37.0261     -49.4875     -86.5136
          864     -33.2121     -48.5974     -81.8095
          865     -33.4076     -53.3326     -86.7403
          866     -36.8835     -50.4969     -87.3804
          867     -34.8583     -49.4951     -84.3534
          868     -34.3678     -49.7034     -84.0712
          869     -33.5745     -49.7028     -83.2773
          870     -34.7211     -51.6442     -86.3653
          871     -39.8207     -44.1760     -83.9967
          872     -33.5985     -47.0379     -80.6363
          873     -31.3345     -50.2902     -81.6247
          874     -34.3911     -48.0491     -82.4401
          875     -39.3827     -43.7076     -83.0902
          876     -37.0181     -50.4744     -87.4925
          877     -26.5979     -49.6331     -76.2310
          878     -31.9129     -50.9083     -82.8212
          879     -35.6641     -50.8164     -86.4805
          880     -26.8066     -52.8116     -79.6183
          881     -41.9372     -49.3990     -91.3362
          882     -39.7500     -46.4708     -86.2208
          883     -25.4094     -49.8141     -75.2235
          884     -27.0124     -51.4353     -78.4477
          885     -29.3554     -52.7349     -82.0902
          886     -34.0266     -49.6137     -83.6403
          887     -35.6640     -48.6940     -84.3580
          888     -32.8818     -53.7273     -86.6091
          889     -31.0362     -49.0430     -80.0793
          890     -37.0494     -55.4501     -92.4995
          891     -36.2924     -49.2250     -85.5174
          892     -34.4532     -53.0988     -87.5520
          893     -39.4060     -54.3814     -93.7875
          894     -35.3711     -51.6488     -87.0200
          895     -30.9919     -51.5572     -82.5491
          896     -34.4852     -55.1620     -89.6472
          897     -29.4442     -51.4253     -80.8695
          898     -33.2286     -49.8973     -83.1259
          899     -31.6203     -54.3188     -85.9391
          900     -30.7324     -53.7448     -84.4772
          901     -27.5298     -53.4372     -80.9670
          902     -30.0759     -55.7619     -85.8378
          903     -26.3107     -51.9517     -78.2624
          904     -31.4342     -53.8687     -85.3029
          905     -31.0242     -49.7702     -80.7944
          906     -31.5216     -54.5159     -86.0375
          907     -31.4641     -51.3598     -82.8239
          908     -28.9119     -53.3527     -82.2646
          909     -28.4185     -52.4911     -80.9095
          910     -25.2570     -51.9418     -77.1988
          911     -27.8613     -46.3858     -74.2471
          912     -22.5261     -48.6566     -71.1827
          913     -31.3672     -49.3398     -80.7070
          914     -20.6288     -44.5361     -65.1648
          915     -27.5999     -51.3340     -78.9339
          916     -19.0744     -51.9164     -70.9908
          917     -27.9609     -50.8528     -78.8137
          918     -28.7232     -42.7583     -71.4816
          919     -37.6017     -49.8091     -87.4107
          920     -28.1830     -54.2108     -82.3939
          921     -26.8477     -48.6595     -75.5073
          922     -29.0149     -52.7906     -81.8055
          923     -21.6995     -52.4422     -74.1417
          924     -38.7855     -45.7223     -84.5077
          925     -31.6190     -56.2969     -87.9159
          926     -33.4070     -46.7729     -80.1798
          927     -27.4697     -50.4595     -77.9292
          928     -30.9863     -51.3796     -82.3659
          929     -30.2536     -52.6926     -82.9461
          930     -44.4836     -49.3329     -93.8164
          931     -33.9092     -52.7166     -86.6257
          932     -27.6938     -49.6761     -77.3699
          933     -39.6243     -48.5774     -88.2017
          934     -35.3265     -50.4357     -85.7622
          935     -25.8394     -45.1152     -70.9545
          936     -30.0117     -50.1616     -80.1732
          937     -39.4586     -49.1430     -88.6016
          938     -39.7730     -50.9776     -90.7506
          939     -24.7149     -51.6332     -76.3480
          940     -21.1403     -52.0499     -73.1903
          941     -27.3931     -53.2859     -80.6789
          942     -21.9738     -51.8427     -73.8165
          943     -40.4007     -49.4411     -89.8418
          944     -27.5899     -48.8442     -76.4341
          945     -33.6650     -51.1421     -84.8071
          946     -35.4881     -53.1855     -88.6736
          947     -34.6594     -56.1277     -90.7871
          948     -31.0530     -54.8786     -85.9316
          949     -32.0792     -54.6020     -86.6812
          950     -32.2870     -55.1888     -87.4759
          951     -34.5972     -51.1617     -85.7590
          952     -29.6454     -55.8133     -85.4588
          953     -30.9702     -56.1713     -87.1415
          954     -34.4568     -52.2944     -86.7512
          955     -22.7689     -56.5897     -79.3585
          956     -32.0066     -49.1835     -81.1901
          957     -36.2976     -54.3725     -90.6701
          958     -26.7407     -54.7272     -81.4678
          959     -28.6543     -53.8362     -82.4905
          960     -28.0176     -56.7037     -84.7213
          961     -35.2862     -54.3340     -89.6202
          962     -32.1582     -50.6626     -82.8208
          963     -30.4362     -50.4700     -80.9062
          964     -30.8648     -51.4997     -82.3645
          965     -27.7841     -55.1402     -82.9244
          966     -32.6239     -47.7818     -80.4057
          967     -38.7951     -49.6881     -88.4831
          968     -22.8266     -52.2878     -75.1144
          969     -39.1293     -45.4477     -84.5770
          970     -35.1719     -54.8964     -90.0683
          971     -30.1226     -57.5235     -87.6461
          972     -25.7774     -56.3919     -82.1693
          973     -28.6629     -57.8065     -86.4694
          974     -33.9172     -55.9264     -89.8436
          975     -31.2514     -50.3786     -81.6300
          976     -25.4041     -55.4837     -80.8878
          977     -34.5562     -53.5490     -88.1052
          978     -30.4706     -51.5693     -82.0399
          979     -37.1505     -53.1398     -90.2904
          980     -31.1716     -56.8465     -88.0181
          981     -31.8557     -52.2335     -84.0892
          982     -35.9296     -55.5371     -91.4667
          983     -25.3716     -54.3953     -79.7669
          984     -27.2984     -57.1370     -84.4354
          985     -34.5771     -55.2490     -89.8261
          986     -20.8362     -56.4448     -77.2810
          987     -30.8020     -51.6265     -82.4286
          988     -27.5089     -53.9871     -81.4960
          989     -32.4705     -54.1779     -86.6484
          990     -33.0576     -51.1019     -84.1596
          991     -31.5975     -52.2541     -83.8516
          992     -27.8050     -56.3407     -84.1457
          993     -34.9623     -50.7319     -85.6942
          994     -31.6227     -53.6097     -85.2324
          995     -30.3134     -53.9474     -84.2608
          996     -22.5180     -58.3738     -80.8918
          997     -31.9399     -53.4335     -85.3735
          998     -33.8078     -56.5755     -90.3834
          999     -27.3953     -50.9233     -78.3186
         1000     -21.7534     -58.7047     -80.4581
