# Reading prmtop information...
#%VERSION  VERSION_STAMP = V0001.000  DATE = 03/13/23  16:27:23                  
# N: 49204 Ntypes: 23 Nres: 15294 NPH: 1 NNB:83550
# There is a cubic periodic box. IFBOX = 1.
# Prmtop file ../../leap/STR/MR-STR.prmtop read successfully!
#
# Define the format of the trajectory file: 
#
# 	 1) AMBER MDCRD FILE
# 	 2) GZIPPED AMBER MDCRD FILE
# 	 3) NETCDF FORMAT FILE
# 	 4) CHARMM DCD FORMAT FILE
#
# Enter your choice number: #
# Choose your option for energy calculations:
#
# 	 1) Ligand - Protein interaction calculations
# 	 2) Ligand - Environment interaction calculations
# 	 3) Ligand - Solvent interaction calculations
# 	 4) Selection - Selection interaction calculations
# 	 5) Protein Internal Energy Calculations
# 	 6) Multiple Selection - Multiple Selection Calculations
# 	 7) Multiple Selection - Multiple Selection w/ Chuncks Calculations
#
# Enter your choice number: # Define your ligand residue number: # You selected atoms 1 (C12) to 53 (H30)
# And atom 1 (C12) to 53 (H30).
# NetCDF Frame dimension: 1000
# NetCDF number of atoms: 49204
#        Step         Elec          VDW        Total
            1     -22.2487     -51.4194     -73.6681
            2     -20.1266     -52.3070     -72.4336
            3     -16.8508     -52.4315     -69.2823
            4     -12.8589     -55.3929     -68.2518
            5     -12.4923     -51.2022     -63.6945
            6     -12.5992     -57.9526     -70.5518
            7     -13.5869     -54.2711     -67.8580
            8     -13.4873     -52.9797     -66.4670
            9     -20.3247     -52.9220     -73.2468
           10     -12.3096     -54.1169     -66.4265
           11     -17.2101     -55.0162     -72.2263
           12     -11.7923     -52.5377     -64.3300
           13     -19.1862     -55.9451     -75.1313
           14     -18.2797     -52.1667     -70.4465
           15     -15.6583     -50.1872     -65.8455
           16     -18.4634     -53.7049     -72.1683
           17     -16.7980     -54.8250     -71.6230
           18     -13.8491     -51.4785     -65.3277
           19     -15.2228     -54.8937     -70.1165
           20     -14.4379     -51.2840     -65.7219
           21     -16.1573     -52.7118     -68.8691
           22     -15.2398     -50.9882     -66.2280
           23     -15.4387     -52.1121     -67.5508
           24     -23.5314     -50.4665     -73.9979
           25     -14.8599     -49.3465     -64.2065
           26     -15.2636     -54.0424     -69.3059
           27     -17.9673     -54.9280     -72.8952
           28     -19.3366     -51.2706     -70.6072
           29     -14.8601     -53.7751     -68.6352
           30     -15.4729     -52.9469     -68.4198
           31     -13.1816     -56.6990     -69.8807
           32     -13.6913     -54.0915     -67.7828
           33     -10.4184     -56.4370     -66.8554
           34     -17.0251     -50.0694     -67.0945
           35     -20.6363     -53.1060     -73.7423
           36     -10.2185     -57.2235     -67.4420
           37     -15.1514     -48.8979     -64.0493
           38     -15.3132     -52.2983     -67.6115
           39      -8.2130     -56.9889     -65.2019
           40     -12.8441     -55.3314     -68.1755
           41     -15.8977     -53.5245     -69.4223
           42     -14.7313     -51.9660     -66.6973
           43     -15.1500     -52.5375     -67.6875
           44     -14.1546     -53.0002     -67.1548
           45     -12.8221     -55.3737     -68.1958
           46     -15.1021     -58.0099     -73.1120
           47     -15.8651     -56.1843     -72.0494
           48     -16.8300     -57.4046     -74.2347
           49     -16.8698     -51.3870     -68.2568
           50     -12.4240     -52.7090     -65.1330
           51     -15.2318     -53.6779     -68.9097
           52     -15.5489     -50.0805     -65.6294
           53     -10.0856     -50.4061     -60.4917
           54     -24.0196     -52.2881     -76.3078
           55     -11.9098     -52.0932     -64.0030
           56     -22.4940     -52.9663     -75.4603
           57     -15.8759     -53.2451     -69.1210
           58      -8.7337     -55.0067     -63.7405
           59      -9.1062     -56.8222     -65.9284
           60     -18.4105     -55.6299     -74.0405
           61     -21.2761     -52.0913     -73.3674
           62     -13.4649     -58.8338     -72.2987
           63     -12.8728     -53.6062     -66.4789
           64     -20.9134     -50.5932     -71.5067
           65     -14.4932     -54.5849     -69.0781
           66     -13.5340     -51.4933     -65.0274
           67     -17.9414     -51.5157     -69.4571
           68     -12.2851     -53.2324     -65.5175
           69     -19.2905     -51.6456     -70.9361
           70     -15.0021     -54.2542     -69.2564
           71     -21.1453     -51.9549     -73.1002
           72     -14.1808     -52.3865     -66.5673
           73     -15.1728     -51.2051     -66.3779
           74     -14.9349     -52.4038     -67.3387
           75     -15.4804     -52.3413     -67.8217
           76      -9.2378     -54.6459     -63.8837
           77     -16.8981     -55.3152     -72.2134
           78     -17.6335     -47.3547     -64.9882
           79     -17.4224     -50.5624     -67.9848
           80     -14.9955     -52.7962     -67.7917
           81     -15.2532     -51.0108     -66.2640
           82     -13.4872     -52.6442     -66.1314
           83     -15.4344     -51.3895     -66.8239
           84     -15.2955     -54.1595     -69.4551
           85     -21.1886     -50.4144     -71.6030
           86     -11.0969     -53.9420     -65.0389
           87     -24.5944     -56.3217     -80.9161
           88     -14.5539     -56.1711     -70.7250
           89     -16.3264     -53.1662     -69.4925
           90     -17.9913     -56.1435     -74.1348
           91     -19.6077     -53.4156     -73.0233
           92     -12.3821     -50.1143     -62.4965
           93     -12.8706     -52.6297     -65.5003
           94     -10.0252     -55.0296     -65.0548
           95     -18.1583     -54.3370     -72.4954
           96     -12.3735     -54.3727     -66.7462
           97     -12.0696     -53.9053     -65.9749
           98     -15.6640     -52.3405     -68.0045
           99     -16.0998     -52.1252     -68.2250
          100     -11.0097     -47.2785     -58.2882
          101     -16.0175     -52.2853     -68.3027
          102     -12.4639     -52.5986     -65.0625
          103     -19.7508     -51.5445     -71.2952
          104     -14.1934     -49.9925     -64.1859
          105     -19.8505     -50.6549     -70.5054
          106     -12.3271     -53.7604     -66.0875
          107     -20.0813     -57.0253     -77.1066
          108     -13.0243     -53.0264     -66.0507
          109     -16.4001     -53.2053     -69.6053
          110     -10.7641     -54.3648     -65.1290
          111     -20.8808     -49.9709     -70.8517
          112     -20.2408     -55.0138     -75.2547
          113     -17.7901     -53.8789     -71.6691
          114     -17.0070     -53.6683     -70.6753
          115     -19.4118     -54.6211     -74.0328
          116     -14.0391     -50.9886     -65.0278
          117     -12.4079     -54.0487     -66.4566
          118     -15.8653     -52.1976     -68.0629
          119     -16.2608     -49.3798     -65.6407
          120     -18.4070     -56.2937     -74.7007
          121     -20.4620     -49.7901     -70.2521
          122     -11.8358     -53.7412     -65.5770
          123     -17.1326     -50.1850     -67.3176
          124     -14.9105     -53.1877     -68.0981
          125     -15.6578     -53.1758     -68.8336
          126     -11.9499     -51.7081     -63.6580
          127     -11.6241     -52.8831     -64.5072
          128     -13.4332     -54.6655     -68.0988
          129     -16.5965     -51.0263     -67.6229
          130     -17.6174     -52.0191     -69.6365
          131     -13.2590     -55.2850     -68.5441
          132     -20.1728     -51.9911     -72.1639
          133     -19.1041     -52.9004     -72.0045
          134     -18.1880     -53.1522     -71.3402
          135     -20.9554     -58.3072     -79.2626
          136     -16.0832     -51.7886     -67.8718
          137     -15.3677     -53.9672     -69.3348
          138     -10.6955     -55.6773     -66.3727
          139     -18.1931     -52.7543     -70.9474
          140     -12.4425     -52.8060     -65.2485
          141     -18.2155     -53.1050     -71.3205
          142     -14.8393     -50.2663     -65.1056
          143     -12.3356     -55.0455     -67.3810
          144     -12.4887     -52.8650     -65.3536
          145     -13.4441     -54.4790     -67.9231
          146     -14.8636     -52.4579     -67.3215
          147     -13.1092     -54.0565     -67.1657
          148     -13.9702     -52.4987     -66.4689
          149     -14.2082     -51.5750     -65.7832
          150     -17.0943     -52.8463     -69.9406
          151     -14.7435     -49.3662     -64.1098
          152     -17.7239     -50.9026     -68.6265
          153     -15.0499     -56.2173     -71.2672
          154     -12.0840     -50.5785     -62.6625
          155     -15.9651     -54.1739     -70.1389
          156     -16.6086     -55.7522     -72.3608
          157     -17.1524     -57.6585     -74.8109
          158     -15.5818     -50.1717     -65.7534
          159     -18.1440     -53.0974     -71.2414
          160     -16.7223     -53.9535     -70.6758
          161     -16.7062     -51.2713     -67.9774
          162     -14.5535     -53.2826     -67.8361
          163     -13.6550     -52.6334     -66.2884
          164     -14.9922     -53.2306     -68.2228
          165     -16.0731     -53.5095     -69.5826
          166     -11.9850     -49.3103     -61.2953
          167     -14.9496     -52.0311     -66.9808
          168     -12.3546     -53.3502     -65.7048
          169     -17.0500     -54.6078     -71.6578
          170     -14.1243     -54.0931     -68.2174
          171     -17.8818     -49.3576     -67.2393
          172     -19.6823     -47.7861     -67.4684
          173     -15.5306     -55.8908     -71.4214
          174     -18.7514     -53.2755     -72.0270
          175     -14.7384     -52.2952     -67.0336
          176     -19.7093     -53.4860     -73.1953
          177     -18.9531     -55.7907     -74.7438
          178     -18.5703     -54.2044     -72.7746
          179     -17.5169     -55.7691     -73.2860
          180     -15.5775     -55.9574     -71.5350
          181     -18.5935     -51.1263     -69.7198
          182     -23.2356     -49.7204     -72.9561
          183     -18.2653     -50.8024     -69.0676
          184     -14.2006     -51.6968     -65.8974
          185     -12.0433     -54.8531     -66.8964
          186     -18.4317     -48.3560     -66.7877
          187     -10.6371     -51.0362     -61.6733
          188     -15.9551     -55.1206     -71.0757
          189     -15.7199     -52.1913     -67.9112
          190     -16.6320     -51.2468     -67.8788
          191     -16.4409     -53.7796     -70.2205
          192     -18.9825     -47.7417     -66.7242
          193     -16.0822     -52.5948     -68.6770
          194     -16.9987     -50.4280     -67.4267
          195     -14.5562     -53.3953     -67.9515
          196     -14.7707     -49.8980     -64.6688
          197     -19.2086     -52.3025     -71.5110
          198     -15.9022     -56.5796     -72.4818
          199     -11.7200     -56.3531     -68.0731
          200     -16.6373     -45.6117     -62.2490
          201     -18.2155     -53.1058     -71.3213
          202     -14.3500     -50.6761     -65.0261
          203     -11.4000     -52.4867     -63.8867
          204     -15.8849     -51.5223     -67.4072
          205     -11.3346     -53.3831     -64.7178
          206     -11.6934     -57.7632     -69.4566
          207     -19.6092     -50.5204     -70.1296
          208     -15.8730     -54.3375     -70.2105
          209     -14.2591     -56.4038     -70.6628
          210     -14.6533     -53.7727     -68.4261
          211     -10.8649     -52.2101     -63.0750
          212     -14.4368     -51.2851     -65.7218
          213     -12.4148     -50.6755     -63.0903
          214     -15.5322     -49.2622     -64.7944
          215     -16.9650     -49.9820     -66.9470
          216     -18.5142     -54.3059     -72.8201
          217     -17.1888     -53.0073     -70.1962
          218     -11.9432     -50.9916     -62.9348
          219     -16.2145     -55.9321     -72.1466
          220     -13.7940     -53.8783     -67.6723
          221     -13.7307     -53.5893     -67.3200
          222     -15.4797     -52.4713     -67.9510
          223     -12.6682     -56.8779     -69.5462
          224     -14.7951     -50.8238     -65.6189
          225     -10.6020     -58.4199     -69.0219
          226     -14.3944     -53.8764     -68.2709
          227     -11.0775     -54.4626     -65.5401
          228     -14.6997     -57.0148     -71.7145
          229     -11.4839     -51.3803     -62.8642
          230     -11.7895     -50.3995     -62.1890
          231     -14.4879     -51.6310     -66.1189
          232     -11.8374     -55.5983     -67.4357
          233     -13.7013     -55.8480     -69.5493
          234     -14.3395     -50.1131     -64.4526
          235     -13.9385     -54.4674     -68.4058
          236     -19.4247     -51.1578     -70.5826
          237     -15.7863     -51.3142     -67.1005
          238     -11.9724     -53.2178     -65.1902
          239     -17.9037     -52.1658     -70.0695
          240     -14.9732     -53.0958     -68.0690
          241     -19.4474     -53.3706     -72.8180
          242     -18.6994     -55.4999     -74.1993
          243     -16.9869     -53.3078     -70.2947
          244     -16.8302     -53.3061     -70.1362
          245     -13.1209     -53.8350     -66.9559
          246     -13.8709     -53.1625     -67.0334
          247     -24.7118     -45.5169     -70.2287
          248     -10.3046     -49.0164     -59.3210
          249     -18.2973     -55.7477     -74.0450
          250     -21.7752     -52.2363     -74.0116
          251     -11.3321     -51.0930     -62.4251
          252     -13.6117     -53.4600     -67.0718
          253     -19.0785     -51.0809     -70.1594
          254     -14.0447     -48.8705     -62.9152
          255     -12.3818     -56.2760     -68.6577
          256     -18.0903     -50.4074     -68.4976
          257     -16.2453     -54.6534     -70.8987
          258     -13.8258     -53.0212     -66.8470
          259     -18.3750     -50.3945     -68.7695
          260     -16.6847     -50.3390     -67.0237
          261     -18.3484     -53.1057     -71.4541
          262     -11.0593     -52.9041     -63.9634
          263     -12.8361     -50.1345     -62.9706
          264     -22.1843     -55.0226     -77.2068
          265     -14.5530     -54.9159     -69.4689
          266     -18.5789     -51.9864     -70.5654
          267     -17.4525     -54.9521     -72.4046
          268     -13.9967     -53.9819     -67.9786
          269     -12.8847     -56.5969     -69.4816
          270     -19.2056     -53.7954     -73.0010
          271     -21.9043     -54.7777     -76.6820
          272     -15.4276     -53.7929     -69.2205
          273     -11.6970     -53.0729     -64.7699
          274      -8.6580     -52.8686     -61.5266
          275     -17.5619     -55.6741     -73.2360
          276     -17.9603     -58.0157     -75.9760
          277     -18.3513     -50.7668     -69.1181
          278     -15.0434     -54.9358     -69.9792
          279     -14.5490     -57.2363     -71.7852
          280     -22.4237     -53.2474     -75.6711
          281     -15.0554     -54.4690     -69.5244
          282     -14.8896     -56.8539     -71.7435
          283     -12.7759     -55.3355     -68.1114
          284     -12.7638     -49.9528     -62.7166
          285     -13.8054     -54.2680     -68.0734
          286     -21.4855     -50.2793     -71.7648
          287     -16.5171     -52.1596     -68.6767
          288     -19.2159     -48.1830     -67.3989
          289     -15.7152     -51.1020     -66.8172
          290     -10.8692     -55.5128     -66.3820
          291     -16.6697     -55.5365     -72.2061
          292     -20.2102     -51.1378     -71.3479
          293     -14.5780     -54.4076     -68.9857
          294      -6.1872     -52.3936     -58.5808
          295     -19.3036     -51.1727     -70.4763
          296     -16.8723     -50.2371     -67.1095
          297     -20.5141     -55.3877     -75.9019
          298     -16.7884     -52.6460     -69.4344
          299     -16.2323     -56.4896     -72.7219
          300     -13.1461     -51.2301     -64.3763
          301     -21.6725     -52.0178     -73.6903
          302     -21.2712     -48.2358     -69.5070
          303     -21.6470     -51.2939     -72.9409
          304     -15.0425     -52.6590     -67.7015
          305     -16.4250     -49.4542     -65.8791
          306     -18.2500     -54.4455     -72.6955
          307     -22.1334     -56.2426     -78.3760
          308     -20.7435     -55.0708     -75.8142
          309     -15.9635     -54.1245     -70.0880
          310     -21.2987     -54.6240     -75.9227
          311     -17.3969     -52.0411     -69.4379
          312     -18.2491     -56.2520     -74.5011
          313     -21.3823     -51.6960     -73.0783
          314     -19.6278     -51.0157     -70.6436
          315     -19.3870     -50.4652     -69.8522
          316     -18.0408     -54.4434     -72.4843
          317     -21.6456     -52.5125     -74.1581
          318     -18.4667     -57.9036     -76.3702
          319     -25.4757     -46.0762     -71.5519
          320      -9.1010     -50.6812     -59.7822
          321     -12.5294     -52.6779     -65.2073
          322     -17.6979     -49.7943     -67.4923
          323     -22.0880     -54.0795     -76.1675
          324     -15.0716     -52.8022     -67.8737
          325     -14.3550     -52.6311     -66.9861
          326     -12.6589     -53.3139     -65.9728
          327     -12.7073     -55.0957     -67.8030
          328     -14.9154     -51.8887     -66.8041
          329     -13.1654     -52.0958     -65.2611
          330     -13.2015     -50.5335     -63.7349
          331     -21.1083     -51.3572     -72.4654
          332     -13.1055     -54.1414     -67.2468
          333     -14.0081     -52.6646     -66.6727
          334     -20.7558     -53.3305     -74.0863
          335     -15.6256     -49.3165     -64.9420
          336     -11.8095     -53.7274     -65.5369
          337     -15.0055     -51.5165     -66.5220
          338     -16.5227     -48.9833     -65.5061
          339     -16.2661     -48.0315     -64.2976
          340     -14.7440     -53.4870     -68.2310
          341     -13.6210     -52.8915     -66.5124
          342     -24.0838     -48.5358     -72.6196
          343     -13.6977     -56.1354     -69.8331
          344     -14.3767     -52.2912     -66.6679
          345     -18.1308     -53.1060     -71.2368
          346     -17.7524     -55.1362     -72.8885
          347     -13.9506     -51.6039     -65.5545
          348     -19.5057     -50.9211     -70.4268
          349     -19.9961     -51.4842     -71.4803
          350     -19.3676     -50.4082     -69.7758
          351     -15.0622     -50.7918     -65.8540
          352     -18.3322     -52.0795     -70.4117
          353     -16.4956     -51.0192     -67.5148
          354     -15.9715     -52.5700     -68.5416
          355     -13.7827     -55.3888     -69.1715
          356     -17.1697     -53.4102     -70.5799
          357     -13.0864     -53.9633     -67.0496
          358     -10.6275     -48.3601     -58.9876
          359     -16.0627     -52.2992     -68.3619
          360      -9.8168     -52.0154     -61.8322
          361     -19.8796     -51.1481     -71.0277
          362     -12.4247     -52.5057     -64.9304
          363     -13.9926     -50.1183     -64.1110
          364     -13.5975     -51.5189     -65.1164
          365     -14.4822     -53.7166     -68.1988
          366     -15.4317     -46.9013     -62.3330
          367     -15.2217     -53.9666     -69.1883
          368     -18.1303     -55.4235     -73.5538
          369     -22.1913     -49.7866     -71.9779
          370     -15.5855     -54.9037     -70.4892
          371     -18.2551     -53.9142     -72.1693
          372     -23.2248     -52.3864     -75.6111
          373     -12.2720     -54.2174     -66.4894
          374     -19.9092     -49.2020     -69.1112
          375     -16.9677     -48.9904     -65.9581
          376     -20.0972     -49.5529     -69.6501
          377     -12.5896     -53.2720     -65.8617
          378     -17.5066     -50.0495     -67.5561
          379     -14.8403     -53.6570     -68.4972
          380     -15.3138     -54.4435     -69.7573
          381     -13.6881     -53.8562     -67.5443
          382     -12.5952     -49.6767     -62.2720
          383     -18.4173     -52.9543     -71.3716
          384     -15.9595     -53.1394     -69.0989
          385     -11.4827     -52.7691     -64.2518
          386     -10.7261     -55.2274     -65.9535
          387     -16.9726     -52.7691     -69.7417
          388     -12.5032     -55.3115     -67.8147
          389     -17.1040     -51.0791     -68.1831
          390     -13.4491     -53.9569     -67.4060
          391     -14.4184     -51.6266     -66.0449
          392     -14.4559     -52.8448     -67.3007
          393     -14.4951     -50.8132     -65.3083
          394     -12.8596     -52.7352     -65.5948
          395     -12.7407     -52.7613     -65.5020
          396     -11.9252     -54.5293     -66.4545
          397     -16.5306     -53.0859     -69.6165
          398     -14.8809     -53.4498     -68.3308
          399     -10.8674     -52.3075     -63.1749
          400     -20.5776     -48.5628     -69.1403
          401     -14.2309     -56.4396     -70.6705
          402     -18.0752     -51.1182     -69.1934
          403     -17.0559     -54.8123     -71.8682
          404     -13.5704     -52.4227     -65.9931
          405     -13.6650     -51.5473     -65.2123
          406     -11.6565     -52.7847     -64.4411
          407     -13.6639     -55.3839     -69.0479
          408     -20.4175     -53.1303     -73.5478
          409     -14.4021     -52.1938     -66.5959
          410     -18.9318     -51.6260     -70.5578
          411     -18.9289     -49.8513     -68.7803
          412     -14.5595     -53.4200     -67.9795
          413     -14.7220     -53.4145     -68.1365
          414     -16.4629     -54.0540     -70.5169
          415     -19.1059     -50.0164     -69.1223
          416     -15.6105     -52.0781     -67.6886
          417     -16.2400     -52.8146     -69.0547
          418     -11.7373     -57.2074     -68.9447
          419     -16.5286     -52.8908     -69.4194
          420     -11.2712     -52.3515     -63.6227
          421     -13.2622     -54.2353     -67.4975
          422     -15.4224     -51.9995     -67.4219
          423     -18.6635     -47.8530     -66.5165
          424      -9.4475     -54.1583     -63.6058
          425     -13.1939     -53.2399     -66.4337
          426     -12.2683     -55.2734     -67.5417
          427     -17.3203     -48.1395     -65.4598
          428     -17.8535     -50.9620     -68.8156
          429     -14.3305     -50.7508     -65.0813
          430     -18.6387     -51.4495     -70.0881
          431     -10.6289     -48.1296     -58.7585
          432     -16.4177     -54.6990     -71.1167
          433     -13.9510     -51.6108     -65.5617
          434     -14.1676     -53.0587     -67.2263
          435     -15.6517     -53.8765     -69.5282
          436     -15.8828     -50.7958     -66.6787
          437     -10.6342     -49.5636     -60.1978
          438     -13.9194     -54.6455     -68.5649
          439     -17.4955     -48.9953     -66.4908
          440     -10.9874     -49.4577     -60.4451
          441     -21.1227     -52.7954     -73.9182
          442     -15.2867     -46.5219     -61.8086
          443     -19.6576     -46.5819     -66.2395
          444     -16.5498     -52.0149     -68.5647
          445     -18.0426     -48.7088     -66.7513
          446     -20.0959     -50.3724     -70.4684
          447     -16.7579     -49.7955     -66.5534
          448     -11.6354     -49.4232     -61.0586
          449      -8.9996     -52.0790     -61.0785
          450      -7.8266     -51.2030     -59.0296
          451     -12.4292     -52.9396     -65.3688
          452     -15.9044     -51.7476     -67.6520
          453     -16.8463     -49.3119     -66.1583
          454     -15.0194     -53.5864     -68.6058
          455     -13.2798     -51.9972     -65.2769
          456     -16.3667     -51.9659     -68.3326
          457     -10.5640     -50.9346     -61.4987
          458     -17.9248     -52.0815     -70.0063
          459      -9.0352     -51.8970     -60.9321
          460     -17.0081     -52.6398     -69.6479
          461     -16.0208     -51.6685     -67.6893
          462     -14.3958     -48.6531     -63.0489
          463      -9.6398     -54.0236     -63.6633
          464     -13.5041     -51.6707     -65.1748
          465     -16.5216     -51.2025     -67.7241
          466     -10.1874     -51.0655     -61.2529
          467     -14.4856     -51.6495     -66.1351
          468     -18.2986     -46.9585     -65.2571
          469     -16.5193     -51.5950     -68.1143
          470     -17.0216     -53.1619     -70.1835
          471     -18.4316     -52.2400     -70.6716
          472     -10.7080     -50.6958     -61.4038
          473     -11.7683     -55.4577     -67.2260
          474     -17.0054     -49.5734     -66.5789
          475      -8.8451     -55.6385     -64.4836
          476     -13.7261     -53.8756     -67.6016
          477     -19.5723     -46.9949     -66.5673
          478     -20.6472     -50.9713     -71.6185
          479     -11.5351     -51.4285     -62.9636
          480     -11.8106     -52.4781     -64.2887
          481     -11.1789     -52.6688     -63.8477
          482     -13.0799     -51.2026     -64.2825
          483     -15.6384     -55.4169     -71.0553
          484     -17.6259     -52.5407     -70.1666
          485     -16.2306     -55.4964     -71.7270
          486     -13.7577     -53.7304     -67.4881
          487     -15.0384     -51.5902     -66.6286
          488     -14.3416     -50.7514     -65.0930
          489     -11.5510     -54.0169     -65.5679
          490     -14.8771     -51.8603     -66.7374
          491     -15.5681     -52.2829     -67.8510
          492     -16.2362     -54.2382     -70.4744
          493     -12.6009     -51.0633     -63.6642
          494     -14.3972     -55.8809     -70.2782
          495     -15.7813     -54.5311     -70.3124
          496     -15.5458     -50.4727     -66.0185
          497     -14.5745     -53.0514     -67.6259
          498     -17.6583     -47.9466     -65.6048
          499     -17.2678     -54.6556     -71.9233
          500     -12.1873     -54.2584     -66.4456
          501     -16.4051     -50.0370     -66.4421
          502     -19.6528     -50.9675     -70.6204
          503     -11.6592     -50.6051     -62.2643
          504     -13.8392     -54.0382     -67.8773
          505     -19.2964     -53.1285     -72.4249
          506     -14.6536     -51.9360     -66.5896
          507     -14.4020     -53.0844     -67.4864
          508     -10.4260     -54.4806     -64.9066
          509     -14.3651     -50.9048     -65.2699
          510     -18.8157     -55.1888     -74.0045
          511     -13.3150     -49.4478     -62.7627
          512     -12.1969     -52.3779     -64.5748
          513     -14.2611     -54.2160     -68.4771
          514     -15.3359     -52.2149     -67.5508
          515     -14.8920     -55.4635     -70.3554
          516     -16.5808     -54.6847     -71.2655
          517     -14.5414     -51.9990     -66.5404
          518     -17.3102     -52.8766     -70.1868
          519     -12.8524     -48.7564     -61.6088
          520     -22.6721     -52.6026     -75.2747
          521     -19.4754     -53.5494     -73.0248
          522     -15.7698     -52.8520     -68.6218
          523     -19.2989     -51.7213     -71.0202
          524     -14.7678     -51.2268     -65.9946
          525     -13.1388     -49.3057     -62.4445
          526     -13.1929     -52.0542     -65.2471
          527     -15.1161     -53.9059     -69.0219
          528     -16.9554     -56.1087     -73.0641
          529     -13.1177     -54.0458     -67.1635
          530     -14.1059     -52.2916     -66.3975
          531     -10.0041     -55.9912     -65.9952
          532     -10.2846     -49.0652     -59.3498
          533     -14.9981     -53.7266     -68.7247
          534     -11.7588     -51.7236     -63.4824
          535     -13.6300     -54.0593     -67.6893
          536     -13.1851     -51.3440     -64.5291
          537     -13.3396     -52.6474     -65.9870
          538     -13.3894     -50.5354     -63.9248
          539     -11.8726     -52.1066     -63.9791
          540     -14.5367     -53.6703     -68.2069
          541     -12.3469     -51.9629     -64.3097
          542     -14.5185     -55.0697     -69.5883
          543     -17.1715     -47.8733     -65.0448
          544     -17.1854     -51.7729     -68.9582
          545     -15.9253     -55.8750     -71.8004
          546     -10.1314     -51.5536     -61.6850
          547     -18.7582     -49.4442     -68.2024
          548     -11.3047     -53.6467     -64.9514
          549     -14.4326     -52.1374     -66.5699
          550     -19.6003     -51.9587     -71.5590
          551     -15.1067     -52.3219     -67.4285
          552     -14.1795     -51.6765     -65.8560
          553     -14.4193     -51.4477     -65.8670
          554      -8.3121     -51.3171     -59.6292
          555     -14.0075     -53.8801     -67.8876
          556     -10.7657     -54.6517     -65.4174
          557     -18.6072     -52.3890     -70.9962
          558     -14.6505     -53.0223     -67.6728
          559      -9.1018     -52.6050     -61.7068
          560     -12.8205     -53.8449     -66.6654
          561     -12.5219     -50.0904     -62.6123
          562     -15.6537     -52.0409     -67.6946
          563     -15.7017     -50.7984     -66.5001
          564     -10.2050     -48.6586     -58.8636
          565     -16.6124     -51.7733     -68.3858
          566     -18.4141     -47.3652     -65.7792
          567     -20.0288     -49.6302     -69.6590
          568      -9.4078     -55.2193     -64.6271
          569     -10.8257     -55.3536     -66.1793
          570     -11.4119     -53.5828     -64.9947
          571     -16.9158     -55.9688     -72.8845
          572     -14.9981     -56.0140     -71.0122
          573     -16.3018     -52.1310     -68.4328
          574     -13.8161     -54.8192     -68.6353
          575     -12.5673     -53.4613     -66.0287
          576     -12.3622     -52.6396     -65.0018
          577     -12.8219     -56.3554     -69.1774
          578     -13.4923     -55.3752     -68.8675
          579     -10.7568     -51.7375     -62.4943
          580     -13.0996     -55.4024     -68.5020
          581     -10.6212     -50.9583     -61.5795
          582     -15.8081     -48.8791     -64.6871
          583      -9.7132     -53.2308     -62.9440
          584     -11.6625     -53.0677     -64.7301
          585      -9.8017     -53.9764     -63.7780
          586     -10.4507     -54.0757     -64.5263
          587     -19.8781     -54.2894     -74.1675
          588      -8.6482     -53.8552     -62.5034
          589     -14.3958     -51.0217     -65.4176
          590     -13.0532     -53.3151     -66.3683
          591     -13.8321     -51.4778     -65.3099
          592     -17.0292     -53.7867     -70.8159
          593     -14.1022     -56.6127     -70.7149
          594     -12.2344     -54.0163     -66.2506
          595     -13.6768     -52.4477     -66.1245
          596     -17.3833     -53.8531     -71.2363
          597     -17.9594     -52.4598     -70.4192
          598     -17.0637     -52.2420     -69.3058
          599     -17.2187     -53.7908     -71.0096
          600     -15.5287     -50.8955     -66.4242
          601     -12.4766     -51.3698     -63.8464
          602     -15.5801     -51.9341     -67.5142
          603     -21.0094     -53.1902     -74.1996
          604     -16.1789     -54.3443     -70.5232
          605     -16.1370     -51.5034     -67.6404
          606     -12.2511     -56.3318     -68.5829
          607     -18.6963     -51.0707     -69.7670
          608     -20.6568     -57.7670     -78.4238
          609     -18.8262     -54.4771     -73.3033
          610     -14.8344     -55.1086     -69.9431
          611     -11.3759     -51.6853     -63.0613
          612     -22.3606     -52.1032     -74.4638
          613     -14.2583     -56.4989     -70.7572
          614     -23.1383     -48.7106     -71.8489
          615     -15.6104     -52.7131     -68.3235
          616     -18.2400     -55.1500     -73.3900
          617     -13.4567     -54.2139     -67.6706
          618     -12.8741     -57.0775     -69.9516
          619     -19.0242     -50.8451     -69.8693
          620     -13.4340     -57.5055     -70.9395
          621     -17.6142     -50.1730     -67.7872
          622     -11.8837     -53.2835     -65.1672
          623     -13.7189     -50.7244     -64.4433
          624     -19.9800     -50.8813     -70.8613
          625     -14.0276     -53.5910     -67.6186
          626     -14.1901     -51.0390     -65.2291
          627     -12.9673     -55.9506     -68.9179
          628     -17.8950     -50.2511     -68.1461
          629     -17.6446     -49.3898     -67.0343
          630     -16.4913     -55.2052     -71.6965
          631     -16.3669     -56.6656     -73.0325
          632     -16.6475     -53.4628     -70.1103
          633     -16.5404     -54.4794     -71.0198
          634     -12.3676     -56.2184     -68.5860
          635      -7.7406     -53.1105     -60.8510
          636     -12.3691     -55.7732     -68.1423
          637     -15.7384     -54.1212     -69.8596
          638     -13.2955     -53.7067     -67.0022
          639     -14.3869     -52.7742     -67.1611
          640      -9.2081     -53.0911     -62.2992
          641     -13.5497     -47.9915     -61.5412
          642     -14.2472     -49.8530     -64.1001
          643      -9.5381     -52.4058     -61.9439
          644     -14.4275     -53.2772     -67.7047
          645     -15.0170     -51.8342     -66.8512
          646     -11.4516     -53.9719     -65.4235
          647     -18.9012     -49.8981     -68.7993
          648     -10.1760     -51.0717     -61.2476
          649     -23.6929     -52.3913     -76.0842
          650     -14.3892     -53.7758     -68.1650
          651     -13.5852     -57.4155     -71.0007
          652     -12.1695     -55.2758     -67.4453
          653     -13.2297     -54.2596     -67.4893
          654     -11.9472     -52.6547     -64.6019
          655     -15.2005     -54.9743     -70.1748
          656     -17.7668     -53.4342     -71.2010
          657     -12.1922     -48.0218     -60.2140
          658     -10.7491     -50.0798     -60.8289
          659     -12.1909     -52.4954     -64.6863
          660     -18.7729     -51.3647     -70.1376
          661     -17.4156     -49.5935     -67.0091
          662     -20.4182     -53.1128     -73.5309
          663     -15.5426     -52.0730     -67.6157
          664     -12.3802     -53.3684     -65.7486
          665     -13.2388     -48.2537     -61.4925
          666      -8.3565     -56.1513     -64.5078
          667     -16.5204     -50.8624     -67.3828
          668     -19.8134     -47.0033     -66.8167
          669     -15.2631     -51.2638     -66.5269
          670     -18.7781     -52.6402     -71.4183
          671     -15.9874     -51.3142     -67.3016
          672     -12.9424     -57.4279     -70.3703
          673     -13.9881     -50.2645     -64.2525
          674     -15.6201     -52.9765     -68.5966
          675     -20.3605     -52.6790     -73.0395
          676     -16.5276     -53.7016     -70.2292
          677     -22.6682     -50.7842     -73.4524
          678     -11.3941     -49.9651     -61.3592
          679     -13.6801     -50.9288     -64.6089
          680     -22.6324     -53.2410     -75.8734
          681     -10.7914     -48.5474     -59.3389
          682     -10.8347     -55.2850     -66.1197
          683     -14.3643     -53.4046     -67.7689
          684     -18.6017     -51.6690     -70.2707
          685     -20.4936     -47.2515     -67.7451
          686     -11.1744     -54.2103     -65.3847
          687     -13.0377     -54.9301     -67.9678
          688     -11.7047     -48.9476     -60.6523
          689     -16.9166     -52.8507     -69.7673
          690     -13.1108     -52.2233     -65.3341
          691     -13.2840     -48.6466     -61.9306
          692     -18.9656     -47.9026     -66.8682
          693     -17.2143     -44.9251     -62.1393
          694     -19.0844     -50.6551     -69.7396
          695     -17.9101     -50.9443     -68.8544
          696     -13.5971     -49.7278     -63.3249
          697     -17.5845     -47.4522     -65.0367
          698     -16.6285     -50.9318     -67.5603
          699     -22.2960     -49.7484     -72.0444
          700     -13.6274     -49.5467     -63.1741
          701     -11.1464     -52.0874     -63.2339
          702     -17.8566     -53.8468     -71.7034
          703     -18.4420     -48.9493     -67.3913
          704     -22.7564     -49.9300     -72.6864
          705      -9.9656     -48.4512     -58.4169
          706     -17.3741     -53.9672     -71.3413
          707     -17.3019     -50.2759     -67.5778
          708     -11.8971     -50.3411     -62.2383
          709     -11.8485     -47.8887     -59.7372
          710     -10.8728     -50.8368     -61.7096
          711     -12.9753     -51.8974     -64.8728
          712     -17.9924     -49.1993     -67.1917
          713     -19.8392     -54.0148     -73.8540
          714     -16.1756     -52.9725     -69.1481
          715     -18.5805     -50.7973     -69.3778
          716     -14.7344     -46.9245     -61.6588
          717     -15.1464     -52.0213     -67.1677
          718     -16.7446     -56.3489     -73.0936
          719     -14.6500     -50.3189     -64.9689
          720     -15.8018     -54.0589     -69.8607
          721     -17.2275     -51.0214     -68.2489
          722     -15.2979     -53.4292     -68.7271
          723     -20.8705     -50.9123     -71.7828
          724     -12.4470     -49.1680     -61.6150
          725     -17.8535     -52.9901     -70.8435
          726     -18.3807     -50.0507     -68.4315
          727     -28.5894     -55.2211     -83.8105
          728     -14.3584     -51.1543     -65.5127
          729     -18.2713     -48.6769     -66.9483
          730     -14.0715     -52.1585     -66.2300
          731     -15.0181     -52.4741     -67.4923
          732     -17.2312     -50.9483     -68.1794
          733     -17.1805     -50.0717     -67.2522
          734     -12.6888     -54.2256     -66.9144
          735     -18.2556     -47.5496     -65.8052
          736     -21.2414     -47.7743     -69.0157
          737     -18.8501     -51.9754     -70.8255
          738     -16.3241     -52.3362     -68.6604
          739     -14.7904     -55.5996     -70.3900
          740     -15.3984     -47.8082     -63.2066
          741     -16.1557     -49.3743     -65.5300
          742     -13.5063     -48.9645     -62.4707
          743     -14.9913     -45.3626     -60.3539
          744     -14.2486     -49.7935     -64.0421
          745     -16.8701     -53.4559     -70.3260
          746     -14.6442     -50.8757     -65.5200
          747     -13.5662     -52.0894     -65.6557
          748     -15.4348     -52.4768     -67.9116
          749     -14.1274     -53.9228     -68.0502
          750     -21.1923     -48.6325     -69.8248
          751     -18.1561     -50.5049     -68.6610
          752     -14.4777     -51.6014     -66.0792
          753     -15.2069     -52.2149     -67.4218
          754     -14.9469     -50.8900     -65.8369
          755     -13.5613     -51.3954     -64.9567
          756     -12.7845     -54.9536     -67.7380
          757     -17.2879     -53.7653     -71.0532
          758     -17.7559     -49.8296     -67.5855
          759     -15.7055     -54.9545     -70.6600
          760     -15.0859     -52.3235     -67.4095
          761     -18.9444     -52.5706     -71.5149
          762     -13.1865     -52.3251     -65.5116
          763     -15.0087     -52.1661     -67.1748
          764     -12.6754     -51.0967     -63.7721
          765     -15.1972     -52.6585     -67.8557
          766     -21.3546     -48.8134     -70.1679
          767     -14.0215     -50.6173     -64.6388
          768     -17.8028     -50.8832     -68.6861
          769     -19.9056     -57.4428     -77.3485
          770     -14.2798     -49.0559     -63.3357
          771     -15.1446     -56.7098     -71.8544
          772     -17.0894     -52.7193     -69.8088
          773     -15.7078     -49.9949     -65.7026
          774     -14.9032     -54.4834     -69.3866
          775     -17.0346     -55.5071     -72.5417
          776     -17.9251     -53.9979     -71.9230
          777     -17.4863     -52.3543     -69.8406
          778     -11.5290     -52.0106     -63.5396
          779     -14.3267     -52.8228     -67.1495
          780      -9.8695     -50.7243     -60.5938
          781     -14.7011     -54.2756     -68.9767
          782     -10.4598     -50.3278     -60.7876
          783     -23.5224     -50.0012     -73.5236
          784     -12.2286     -53.0162     -65.2448
          785     -12.6740     -51.6470     -64.3210
          786     -17.8916     -53.7343     -71.6260
          787     -18.3530     -47.6665     -66.0195
          788      -9.8109     -54.5254     -64.3364
          789     -13.9690     -55.5355     -69.5045
          790     -23.2434     -49.0183     -72.2617
          791     -20.7577     -48.0150     -68.7727
          792     -15.1775     -49.3349     -64.5124
          793     -12.3502     -52.4312     -64.7814
          794      -9.5328     -54.5847     -64.1175
          795     -18.0274     -54.4703     -72.4977
          796     -14.5815     -54.9485     -69.5300
          797      -7.7991     -53.0600     -60.8591
          798     -19.5607     -50.1924     -69.7532
          799     -18.8318     -53.3864     -72.2183
          800     -16.7012     -54.2604     -70.9616
          801      -9.3503     -50.2847     -59.6351
          802     -22.4171     -47.2719     -69.6890
          803     -16.2603     -51.6799     -67.9402
          804     -14.0736     -48.5128     -62.5864
          805     -13.1236     -49.2745     -62.3981
          806      -9.2185     -53.7742     -62.9927
          807     -12.8362     -51.3382     -64.1744
          808     -15.4879     -49.7458     -65.2338
          809     -14.6899     -51.2635     -65.9535
          810     -18.0107     -52.7307     -70.7414
          811     -16.5567     -52.0518     -68.6085
          812     -15.0848     -51.5604     -66.6452
          813     -15.9540     -50.2018     -66.1558
          814     -14.7951     -50.9022     -65.6974
          815      -8.6439     -52.1156     -60.7595
          816     -19.2918     -52.9284     -72.2202
          817     -18.9201     -52.6642     -71.5842
          818     -14.6632     -52.6713     -67.3345
          819     -14.3914     -54.7866     -69.1780
          820     -16.9362     -56.2293     -73.1655
          821     -12.9391     -55.5058     -68.4449
          822     -19.5563     -49.9099     -69.4662
          823     -12.0014     -55.5858     -67.5872
          824     -17.3282     -51.8257     -69.1539
          825     -16.9465     -54.6316     -71.5780
          826     -15.8950     -55.7943     -71.6893
          827     -14.9219     -52.1582     -67.0801
          828     -17.6784     -52.4357     -70.1141
          829     -14.0187     -54.0292     -68.0478
          830     -16.0228     -53.5687     -69.5915
          831     -18.5327     -50.3569     -68.8896
          832     -20.4651     -55.7633     -76.2284
          833     -22.2715     -49.5703     -71.8418
          834     -21.0054     -51.5699     -72.5753
          835     -19.7388     -51.8749     -71.6137
          836     -16.8782     -53.6433     -70.5214
          837     -18.7258     -46.9222     -65.6480
          838     -19.9661     -47.3154     -67.2815
          839     -14.4073     -54.6917     -69.0990
          840     -14.7720     -49.0862     -63.8582
          841     -17.3698     -49.9476     -67.3173
          842     -16.4302     -54.2622     -70.6924
          843     -17.3735     -51.3385     -68.7120
          844     -16.3954     -52.4469     -68.8424
          845     -19.4084     -52.0057     -71.4141
          846     -17.6043     -50.3947     -67.9989
          847     -17.9084     -52.3855     -70.2939
          848     -20.1379     -54.3200     -74.4578
          849     -15.9846     -52.3368     -68.3215
          850     -18.7249     -50.2350     -68.9599
          851     -21.0922     -49.7577     -70.8499
          852     -21.9234     -49.5194     -71.4428
          853     -16.4593     -50.0752     -66.5346
          854     -20.7886     -49.6042     -70.3927
          855     -17.6114     -52.1830     -69.7944
          856     -18.1897     -51.8941     -70.0839
          857     -19.5688     -51.4563     -71.0251
          858     -18.6207     -49.8320     -68.4527
          859     -17.1176     -50.2606     -67.3781
          860     -12.1815     -50.5623     -62.7438
          861     -20.4719     -52.9679     -73.4398
          862     -19.5990     -53.5698     -73.1688
          863     -14.5482     -50.3066     -64.8548
          864     -18.3365     -50.8218     -69.1583
          865     -15.9268     -51.8631     -67.7899
          866     -11.8377     -55.8098     -67.6475
          867     -18.3348     -52.9578     -71.2926
          868     -19.2805     -48.4572     -67.7376
          869     -17.5902     -48.4009     -65.9911
          870     -19.4401     -55.5557     -74.9957
          871     -14.3785     -50.9984     -65.3769
          872     -12.7728     -55.2849     -68.0577
          873     -12.8825     -54.8165     -67.6990
          874     -19.0564     -50.1264     -69.1828
          875     -19.4461     -47.8347     -67.2808
          876      -9.1552     -55.3514     -64.5066
          877     -18.4084     -51.5215     -69.9298
          878     -22.9107     -52.1719     -75.0826
          879     -18.5787     -50.6105     -69.1892
          880     -16.2284     -54.5708     -70.7991
          881     -14.5997     -49.7672     -64.3670
          882     -21.0051     -51.0683     -72.0734
          883     -14.2148     -53.4146     -67.6294
          884     -13.5696     -51.0642     -64.6338
          885     -14.2682     -52.6536     -66.9218
          886     -17.1276     -53.3254     -70.4530
          887     -16.8056     -53.3810     -70.1866
          888     -14.0260     -52.9753     -67.0013
          889     -13.8372     -51.3158     -65.1530
          890     -15.5119     -50.3273     -65.8391
          891     -15.9018     -52.0916     -67.9934
          892     -16.5070     -53.1311     -69.6381
          893     -17.6092     -51.4997     -69.1089
          894     -15.6976     -51.9355     -67.6330
          895     -13.5025     -46.6782     -60.1807
          896     -14.5323     -50.7141     -65.2464
          897     -16.5827     -54.0053     -70.5880
          898     -14.1140     -56.3576     -70.4716
          899     -18.9666     -51.2804     -70.2469
          900     -20.1755     -46.1797     -66.3552
          901     -14.8625     -54.2349     -69.0974
          902     -13.3555     -50.4866     -63.8422
          903     -10.7771     -50.5390     -61.3161
          904     -16.7362     -51.1475     -67.8837
          905     -12.6642     -52.0449     -64.7092
          906     -12.5769     -50.9288     -63.5057
          907     -13.2127     -54.7193     -67.9320
          908     -22.2393     -45.6209     -67.8603
          909     -11.2660     -51.9410     -63.2071
          910      -9.0866     -50.2236     -59.3102
          911     -10.7504     -50.8824     -61.6328
          912     -11.6706     -52.5092     -64.1797
          913     -13.7496     -53.0563     -66.8059
          914     -14.8703     -50.7972     -65.6675
          915     -13.5197     -52.0626     -65.5823
          916     -15.0322     -52.9157     -67.9479
          917     -12.7638     -51.6587     -64.4225
          918     -11.8412     -51.9280     -63.7692
          919     -10.3372     -52.0531     -62.3903
          920     -16.6931     -52.3948     -69.0879
          921     -15.2103     -51.5774     -66.7877
          922     -13.5608     -52.6153     -66.1761
          923     -24.1368     -48.1304     -72.2672
          924     -15.4668     -54.3879     -69.8547
          925     -13.9314     -51.2546     -65.1859
          926     -17.9180     -52.3932     -70.3112
          927     -14.4624     -50.2457     -64.7081
          928     -16.4088     -52.2638     -68.6725
          929     -16.1351     -51.2852     -67.4203
          930     -10.6869     -52.3304     -63.0173
          931     -12.2019     -50.7204     -62.9223
          932     -21.1064     -51.4147     -72.5211
          933     -13.4030     -52.5724     -65.9754
          934     -13.3824     -47.7348     -61.1172
          935     -12.5428     -53.0429     -65.5857
          936     -18.4073     -48.3196     -66.7270
          937     -12.7613     -54.1183     -66.8796
          938     -12.4391     -52.1526     -64.5917
          939     -18.1753     -49.7037     -67.8789
          940     -23.6937     -50.5708     -74.2646
          941     -11.3409     -51.8695     -63.2104
          942     -12.5563     -48.2864     -60.8427
          943     -11.3090     -52.2667     -63.5758
          944     -21.0213     -42.9023     -63.9236
          945     -14.7294     -50.6590     -65.3884
          946     -17.4629     -52.8464     -70.3093
          947      -6.6984     -54.2075     -60.9058
          948     -24.0198     -49.0969     -73.1167
          949     -15.7000     -53.3466     -69.0466
          950     -18.3740     -46.3282     -64.7021
          951     -13.7213     -52.5754     -66.2967
          952     -16.3017     -50.9115     -67.2132
          953      -9.7446     -50.0957     -59.8403
          954     -11.5654     -51.3970     -62.9623
          955     -13.7379     -53.1612     -66.8992
          956     -13.7438     -51.8771     -65.6209
          957     -15.9301     -46.8893     -62.8194
          958     -10.8394     -51.0602     -61.8997
          959     -15.3051     -54.2735     -69.5785
          960     -19.8271     -46.7032     -66.5303
          961     -16.6832     -51.0637     -67.7468
          962     -20.0787     -52.1700     -72.2487
          963     -15.6845     -55.0236     -70.7081
          964     -16.8555     -47.8210     -64.6765
          965     -19.7127     -44.8347     -64.5475
          966     -16.9203     -51.0257     -67.9460
          967     -18.0401     -50.1395     -68.1795
          968     -13.2863     -50.2032     -63.4894
          969     -15.1079     -46.6158     -61.7237
          970     -14.9431     -49.7320     -64.6751
          971     -11.3308     -47.3901     -58.7209
          972     -18.0234     -46.2715     -64.2949
          973     -15.9875     -51.9454     -67.9329
          974     -15.1379     -52.7187     -67.8566
          975     -19.0130     -52.1928     -71.2058
          976     -13.3355     -52.1752     -65.5107
          977     -16.1785     -53.2443     -69.4228
          978     -13.0936     -53.9821     -67.0758
          979     -13.6543     -53.4419     -67.0963
          980      -9.4849     -53.5850     -63.0700
          981     -13.1406     -54.0295     -67.1701
          982     -13.4089     -53.4441     -66.8530
          983     -14.4544     -51.1023     -65.5568
          984     -15.6704     -52.9131     -68.5835
          985     -13.6711     -47.6166     -61.2877
          986     -16.0870     -47.0408     -63.1278
          987     -19.3595     -54.0042     -73.3637
          988     -18.8484     -49.8772     -68.7257
          989     -10.3376     -54.0209     -64.3585
          990     -10.4306     -49.9687     -60.3992
          991     -20.1455     -47.1629     -67.3084
          992     -11.1454     -52.9735     -64.1189
          993     -11.7583     -52.9342     -64.6925
          994      -8.8293     -52.3507     -61.1800
          995     -16.7264     -55.5828     -72.3092
          996     -18.2417     -49.2527     -67.4944
          997     -13.6223     -51.9389     -65.5612
          998     -17.0932     -49.9308     -67.0240
          999     -13.1624     -48.8643     -62.0267
         1000     -23.4132     -50.4238     -73.8371
