# Reading prmtop information...
#%VERSION  VERSION_STAMP = V0001.000  DATE = 03/08/23  10:06:57                  
# N: 49215 Ntypes: 26 Nres: 15294 NPH: 1 NNB:83616
# There is a cubic periodic box. IFBOX = 1.
# Prmtop file ../../leap/COL_mut/MR-COL_S810L.prmtop read successfully!
#
# Define the format of the trajectory file: 
#
# 	 1) AMBER MDCRD FILE
# 	 2) GZIPPED AMBER MDCRD FILE
# 	 3) NETCDF FORMAT FILE
# 	 4) CHARMM DCD FORMAT FILE
#
# Enter your choice number: #
# Choose your option for energy calculations:
#
# 	 1) Ligand - Protein interaction calculations
# 	 2) Ligand - Environment interaction calculations
# 	 3) Ligand - Solvent interaction calculations
# 	 4) Selection - Selection interaction calculations
# 	 5) Protein Internal Energy Calculations
# 	 6) Multiple Selection - Multiple Selection Calculations
# 	 7) Multiple Selection - Multiple Selection w/ Chuncks Calculations
#
# Enter your choice number: # Define your ligand residue number: # You selected atoms 1 (C12) to 56 (H30)
# And atom 1 (C12) to 56 (H30).
# NetCDF Frame dimension: 1000
# NetCDF number of atoms: 49215
#        Step         Elec          VDW        Total
            1     -37.9532     -56.0753     -94.0285
            2     -32.5087     -51.0157     -83.5244
            3     -41.3916     -51.6609     -93.0524
            4     -35.4224     -50.9672     -86.3896
            5     -40.4129     -52.8632     -93.2760
            6     -49.3752     -54.7014    -104.0766
            7     -31.4747     -57.2430     -88.7177
            8     -29.0213     -55.6733     -84.6946
            9     -42.4444     -51.7645     -94.2089
           10     -33.3773     -55.5906     -88.9679
           11     -37.6115     -54.6916     -92.3031
           12     -37.5293     -53.8331     -91.3624
           13     -32.0705     -56.9875     -89.0581
           14     -37.7434     -55.5555     -93.2989
           15     -40.9423     -50.6992     -91.6415
           16     -33.9512     -51.5472     -85.4985
           17     -34.5407     -53.7940     -88.3347
           18     -39.1062     -55.7293     -94.8355
           19     -39.3070     -51.5972     -90.9043
           20     -40.7439     -56.0795     -96.8234
           21     -41.1905     -51.2266     -92.4171
           22     -44.3864     -56.8010    -101.1875
           23     -41.2972     -51.3309     -92.6281
           24     -46.5528     -51.2558     -97.8086
           25     -42.4855     -53.2874     -95.7729
           26     -39.1028     -51.6530     -90.7558
           27     -34.7588     -52.5848     -87.3436
           28     -33.8444     -50.8069     -84.6514
           29     -28.3430     -56.3638     -84.7068
           30     -31.2777     -52.5484     -83.8260
           31     -35.7320     -54.8976     -90.6296
           32     -25.1060     -57.3768     -82.4828
           33     -34.8692     -52.0329     -86.9021
           34     -30.0884     -54.9574     -85.0458
           35     -46.9332     -48.6775     -95.6106
           36     -44.3584     -55.7697    -100.1281
           37     -37.5731     -51.4356     -89.0087
           38     -35.9974     -55.9318     -91.9292
           39     -38.5114     -49.4778     -87.9892
           40     -51.4022     -47.0354     -98.4377
           41     -39.7016     -52.3316     -92.0332
           42     -47.6773     -53.9297    -101.6069
           43     -35.9851     -54.1843     -90.1695
           44     -46.5032     -49.9221     -96.4252
           45     -37.0668     -53.8113     -90.8781
           46     -46.3145     -53.6673     -99.9818
           47     -43.2430     -52.1800     -95.4230
           48     -48.6394     -51.5591    -100.1985
           49     -47.6582     -49.9902     -97.6483
           50     -46.4961     -51.3946     -97.8907
           51     -42.9509     -53.2551     -96.2060
           52     -38.3291     -55.5501     -93.8792
           53     -35.0599     -57.5561     -92.6160
           54     -46.5461     -56.3323    -102.8784
           55     -41.0391     -49.9866     -91.0258
           56     -32.1197     -56.1762     -88.2959
           57     -49.5203     -48.3873     -97.9076
           58     -43.6985     -48.7046     -92.4031
           59     -44.6596     -49.6901     -94.3497
           60     -41.9201     -55.8433     -97.7634
           61     -37.1943     -54.2805     -91.4749
           62     -42.0244     -47.0495     -89.0739
           63     -46.3276     -52.4618     -98.7894
           64     -38.8539     -48.9703     -87.8242
           65     -35.4470     -55.5368     -90.9839
           66     -43.8687     -53.3347     -97.2033
           67     -30.8343     -49.4958     -80.3301
           68     -26.2271     -52.2975     -78.5246
           69     -30.5607     -55.2814     -85.8422
           70     -36.6832     -49.9605     -86.6436
           71     -35.6738     -50.7810     -86.4547
           72     -31.6369     -48.2525     -79.8894
           73     -44.6683     -48.8700     -93.5383
           74     -48.2382     -54.1662    -102.4045
           75     -37.2928     -58.3933     -95.6861
           76     -30.9334     -57.8156     -88.7490
           77     -42.2364     -47.2038     -89.4402
           78     -32.0930     -49.6881     -81.7812
           79     -42.7771     -47.9374     -90.7145
           80     -37.4952     -47.7107     -85.2059
           81     -33.9885     -56.6025     -90.5910
           82     -36.3852     -54.9707     -91.3559
           83     -35.7175     -54.4660     -90.1835
           84     -41.0009     -48.6668     -89.6677
           85     -37.6782     -50.7619     -88.4401
           86     -34.3544     -51.9111     -86.2655
           87     -36.6603     -54.5153     -91.1756
           88     -43.1874     -43.9825     -87.1699
           89     -28.5458     -60.7187     -89.2644
           90     -44.7614     -54.6415     -99.4029
           91     -32.8949     -55.1027     -87.9976
           92     -27.9793     -52.9464     -80.9257
           93     -44.5093     -50.7544     -95.2636
           94     -40.3086     -53.1809     -93.4895
           95     -38.2617     -49.5979     -87.8596
           96     -41.9444     -48.1436     -90.0880
           97     -48.2243     -49.9419     -98.1662
           98     -43.4663     -47.6868     -91.1531
           99     -45.3250     -49.2390     -94.5640
          100     -28.3876     -53.7577     -82.1453
          101     -36.5634     -52.6660     -89.2293
          102     -43.5261     -49.2088     -92.7349
          103     -40.5329     -49.4637     -89.9966
          104     -38.6213     -52.6786     -91.2999
          105     -45.7652     -54.9490    -100.7142
          106     -40.7490     -53.1836     -93.9325
          107     -47.2368     -47.6647     -94.9015
          108     -40.1138     -50.4436     -90.5574
          109     -39.1092     -45.3406     -84.4497
          110     -47.2984     -50.4565     -97.7550
          111     -42.5646     -47.7397     -90.3042
          112     -45.4130     -48.4734     -93.8865
          113     -38.1055     -48.3626     -86.4681
          114     -35.2797     -51.7782     -87.0579
          115     -32.5291     -49.0627     -81.5918
          116     -43.5921     -50.1661     -93.7582
          117     -38.1841     -52.7030     -90.8871
          118     -35.7834     -53.9274     -89.7108
          119     -39.1748     -49.5878     -88.7625
          120     -44.7038     -50.4591     -95.1630
          121     -33.8688     -54.9034     -88.7722
          122     -45.4758     -53.3021     -98.7779
          123     -37.2557     -51.7885     -89.0442
          124     -45.5242     -46.9402     -92.4644
          125     -42.2628     -50.7700     -93.0327
          126     -42.5622     -51.3743     -93.9365
          127     -38.1178     -50.5024     -88.6202
          128     -46.6181     -45.9019     -92.5199
          129     -34.2137     -52.3160     -86.5297
          130     -30.5505     -54.6823     -85.2328
          131     -37.0263     -53.3909     -90.4173
          132     -36.3813     -48.3359     -84.7172
          133     -31.1131     -57.5386     -88.6516
          134     -30.2088     -51.9269     -82.1357
          135     -27.0107     -53.6478     -80.6585
          136     -36.8066     -51.6537     -88.4603
          137     -32.3180     -57.6011     -89.9191
          138     -32.9056     -51.7970     -84.7026
          139     -33.4185     -50.9058     -84.3243
          140     -36.9622     -51.4603     -88.4224
          141     -30.8655     -57.3836     -88.2491
          142     -31.0488     -47.7056     -78.7544
          143     -29.6441     -57.4072     -87.0513
          144     -34.3974     -55.7648     -90.1622
          145     -33.7599     -56.5167     -90.2766
          146     -28.2759     -53.9417     -82.2175
          147     -26.8068     -56.5526     -83.3594
          148     -36.2163     -50.7011     -86.9174
          149     -42.6719     -49.2556     -91.9275
          150     -32.3882     -51.7080     -84.0962
          151     -37.4551     -48.2856     -85.7407
          152     -25.9781     -56.7932     -82.7713
          153     -37.0613     -53.6789     -90.7403
          154     -39.7081     -53.2782     -92.9864
          155     -37.2241     -54.1322     -91.3563
          156     -33.5305     -55.9370     -89.4675
          157     -27.6856     -57.9880     -85.6736
          158     -30.4705     -55.3285     -85.7990
          159     -37.0000     -52.5801     -89.5801
          160     -36.6528     -49.8065     -86.4593
          161     -30.6340     -53.6214     -84.2555
          162     -28.3944     -53.1612     -81.5555
          163     -29.7206     -56.4870     -86.2076
          164     -38.4451     -49.4811     -87.9262
          165     -35.8611     -51.1941     -87.0552
          166     -33.4573     -56.0723     -89.5296
          167     -33.2547     -53.5249     -86.7796
          168     -34.4145     -54.5563     -88.9708
          169     -39.0193     -42.1828     -81.2021
          170     -33.4296     -54.0832     -87.5128
          171     -41.3287     -48.0110     -89.3397
          172     -41.5644     -49.0121     -90.5765
          173     -42.7242     -52.4562     -95.1803
          174     -34.9856     -54.6845     -89.6701
          175     -35.6359     -51.7777     -87.4136
          176     -26.3164     -58.3899     -84.7063
          177     -38.1018     -52.5730     -90.6748
          178     -22.5743     -58.1049     -80.6793
          179     -22.3762     -51.1036     -73.4798
          180     -29.9208     -56.5991     -86.5199
          181     -39.3529     -47.3584     -86.7113
          182     -36.6315     -55.6677     -92.2992
          183     -39.0069     -50.3459     -89.3529
          184     -32.7771     -57.0503     -89.8274
          185     -33.3386     -58.3019     -91.6405
          186     -32.3199     -52.2375     -84.5574
          187     -36.4077     -47.4067     -83.8144
          188     -30.2658     -53.6815     -83.9473
          189     -30.7465     -53.0637     -83.8102
          190     -24.9293     -52.4183     -77.3476
          191     -35.1364     -49.4214     -84.5577
          192     -32.8082     -53.4887     -86.2968
          193     -32.2921     -53.0688     -85.3609
          194     -34.4268     -54.5766     -89.0034
          195     -29.9726     -52.2644     -82.2370
          196     -42.9489     -50.8596     -93.8085
          197     -34.3160     -52.9440     -87.2601
          198     -37.9063     -52.6949     -90.6013
          199     -39.0826     -45.6197     -84.7023
          200     -33.8688     -49.0471     -82.9159
          201     -36.9345     -53.7474     -90.6818
          202     -26.0284     -52.4228     -78.4511
          203     -33.3523     -53.8488     -87.2011
          204     -32.7325     -49.5674     -82.3000
          205     -43.8230     -45.6982     -89.5212
          206     -33.7950     -53.7625     -87.5575
          207     -36.4532     -51.3469     -87.8001
          208     -29.5126     -53.8256     -83.3382
          209     -33.5472     -51.2493     -84.7966
          210     -39.4975     -50.9324     -90.4299
          211     -34.7410     -57.6954     -92.4364
          212     -34.6447     -53.5575     -88.2022
          213     -33.1232     -49.3182     -82.4414
          214     -35.3294     -48.7502     -84.0796
          215     -37.0493     -52.7680     -89.8173
          216     -36.6311     -54.2971     -90.9283
          217     -43.6146     -48.9184     -92.5330
          218     -36.4354     -53.5864     -90.0218
          219     -33.2292     -44.7459     -77.9751
          220     -34.5804     -54.6199     -89.2003
          221     -36.0360     -52.8562     -88.8922
          222     -39.2098     -45.4440     -84.6538
          223     -44.2342     -49.1961     -93.4303
          224     -32.0023     -49.9491     -81.9514
          225     -37.1080     -49.3654     -86.4734
          226     -38.2030     -49.3512     -87.5542
          227     -39.1239     -49.0042     -88.1282
          228     -30.7414     -55.6327     -86.3741
          229     -40.3482     -49.5278     -89.8761
          230     -36.2210     -51.5104     -87.7314
          231     -31.6440     -50.7059     -82.3499
          232     -27.6612     -54.9808     -82.6420
          233     -37.4887     -49.8570     -87.3457
          234     -33.5185     -55.1582     -88.6767
          235     -39.2776     -50.9942     -90.2718
          236     -33.8638     -51.0849     -84.9486
          237     -35.7860     -46.9747     -82.7607
          238     -29.5588     -51.8082     -81.3670
          239     -45.0987     -48.8178     -93.9164
          240     -35.8418     -55.1255     -90.9673
          241     -39.4364     -48.4304     -87.8668
          242     -34.9607     -50.7453     -85.7060
          243     -30.0923     -53.4691     -83.5614
          244     -37.5913     -52.6646     -90.2559
          245     -41.0582     -48.2538     -89.3120
          246     -38.6656     -49.1921     -87.8577
          247     -42.7167     -49.8261     -92.5428
          248     -32.4365     -52.9276     -85.3641
          249     -33.5822     -51.1720     -84.7542
          250     -36.3307     -54.1575     -90.4883
          251     -35.6646     -54.2767     -89.9414
          252     -33.8961     -50.9276     -84.8237
          253     -25.0811     -53.7688     -78.8500
          254     -36.0205     -53.5711     -89.5916
          255     -27.5573     -53.4978     -81.0551
          256     -26.0973     -53.4443     -79.5416
          257     -29.1628     -49.4916     -78.6544
          258     -22.6065     -53.1775     -75.7839
          259     -26.1161     -52.9702     -79.0863
          260     -22.5608     -55.3675     -77.9283
          261     -29.1128     -52.7403     -81.8531
          262     -31.5650     -47.7408     -79.3058
          263     -25.2893     -57.6457     -82.9349
          264     -25.1187     -55.5576     -80.6762
          265     -37.1013     -51.6836     -88.7849
          266     -28.1679     -51.2885     -79.4564
          267     -23.2574     -51.9681     -75.2255
          268     -28.1274     -49.8105     -77.9379
          269     -25.9432     -52.7273     -78.6704
          270     -35.3915     -52.3087     -87.7003
          271     -25.1421     -56.8711     -82.0132
          272     -25.3264     -50.6719     -75.9983
          273     -36.6588     -52.4819     -89.1407
          274     -33.8316     -50.4781     -84.3096
          275     -30.2827     -54.8104     -85.0931
          276     -27.8231     -53.2506     -81.0737
          277     -28.4922     -49.7771     -78.2693
          278     -26.2323     -54.8481     -81.0804
          279     -32.7507     -50.0038     -82.7544
          280     -28.1616     -52.5727     -80.7343
          281     -33.5451     -56.5564     -90.1015
          282     -25.7180     -53.5892     -79.3071
          283     -40.1780     -49.8023     -89.9803
          284     -35.2591     -55.1899     -90.4490
          285     -34.3794     -47.5014     -81.8807
          286     -24.9552     -54.0752     -79.0304
          287     -27.5062     -57.4993     -85.0056
          288     -28.2197     -49.9839     -78.2037
          289     -33.1894     -51.9322     -85.1216
          290     -37.4165     -49.7470     -87.1635
          291     -34.0471     -54.7863     -88.8334
          292     -35.9809     -56.3843     -92.3652
          293     -35.9646     -53.6055     -89.5700
          294     -32.9489     -55.8930     -88.8419
          295     -34.0052     -52.5895     -86.5948
          296     -34.1613     -54.1582     -88.3195
          297     -30.7767     -54.8852     -85.6619
          298     -35.3967     -52.1118     -87.5085
          299     -36.2214     -50.1217     -86.3431
          300     -33.8684     -54.7117     -88.5800
          301     -35.0868     -53.4406     -88.5274
          302     -36.0201     -43.3700     -79.3900
          303     -35.8088     -55.1258     -90.9346
          304     -32.1295     -56.2402     -88.3698
          305     -29.5005     -53.3954     -82.8959
          306     -39.6927     -46.5022     -86.1949
          307     -26.1464     -53.4487     -79.5951
          308     -39.5471     -51.0891     -90.6362
          309     -35.3851     -53.4230     -88.8081
          310     -31.7649     -53.9477     -85.7126
          311     -34.9080     -57.5622     -92.4702
          312     -27.9376     -53.2695     -81.2071
          313     -38.5610     -49.4132     -87.9742
          314     -37.0530     -51.1726     -88.2256
          315     -39.6573     -47.6599     -87.3172
          316     -26.9908     -55.0231     -82.0139
          317     -27.1694     -53.6539     -80.8233
          318     -30.5049     -47.2890     -77.7939
          319     -33.0750     -54.1954     -87.2704
          320     -39.6511     -49.0353     -88.6863
          321     -37.9989     -52.6508     -90.6497
          322     -27.9548     -52.7797     -80.7345
          323     -33.2022     -52.8788     -86.0810
          324     -37.8438     -48.9305     -86.7743
          325     -32.9684     -50.4347     -83.4031
          326     -29.3076     -51.2743     -80.5818
          327     -26.6005     -53.2668     -79.8673
          328     -28.3333     -54.8458     -83.1790
          329     -37.3551     -51.5099     -88.8650
          330     -31.2889     -50.7949     -82.0838
          331     -23.4385     -51.3902     -74.8287
          332     -26.3728     -54.9621     -81.3349
          333     -31.7834     -53.7512     -85.5346
          334     -34.7722     -54.1647     -88.9369
          335     -32.6850     -51.4261     -84.1112
          336     -28.6786     -48.0448     -76.7234
          337     -27.0900     -52.3271     -79.4171
          338     -29.5798     -55.8398     -85.4196
          339     -27.5225     -57.7248     -85.2474
          340     -32.3996     -52.3804     -84.7799
          341     -33.6719     -55.5545     -89.2264
          342     -25.0949     -56.5268     -81.6217
          343     -24.5541     -53.6201     -78.1741
          344     -33.2892     -59.2245     -92.5137
          345     -29.4696     -56.8712     -86.3409
          346     -36.2828     -49.0836     -85.3664
          347     -24.5141     -52.4247     -76.9388
          348     -36.2767     -52.0505     -88.3272
          349     -27.2808     -55.4923     -82.7730
          350     -33.0838     -53.7685     -86.8523
          351     -34.9850     -56.3517     -91.3368
          352     -44.6182     -46.0449     -90.6631
          353     -30.7050     -55.9386     -86.6436
          354     -21.4995     -55.4365     -76.9360
          355     -25.4244     -52.6285     -78.0529
          356     -25.9900     -52.9008     -78.8908
          357     -22.3087     -52.5336     -74.8423
          358     -23.7204     -54.9236     -78.6440
          359     -27.2538     -52.4811     -79.7349
          360     -40.0577     -51.1650     -91.2227
          361     -28.5900     -57.7841     -86.3741
          362     -26.8219     -53.6723     -80.4942
          363     -32.1199     -52.9960     -85.1159
          364     -35.6571     -53.6571     -89.3142
          365     -30.2582     -56.9870     -87.2452
          366     -34.5740     -51.1798     -85.7539
          367     -27.9651     -52.9372     -80.9023
          368     -27.5644     -54.5856     -82.1500
          369     -25.1958     -55.3380     -80.5339
          370     -41.1698     -52.2041     -93.3739
          371     -27.3669     -54.0900     -81.4570
          372     -34.5409     -50.5766     -85.1176
          373     -27.2467     -52.6401     -79.8868
          374     -34.7033     -53.2596     -87.9629
          375     -41.6178     -46.5683     -88.1862
          376     -43.3099     -45.8108     -89.1207
          377     -31.5941     -49.9699     -81.5640
          378     -31.9819     -50.7616     -82.7435
          379     -37.2144     -53.9586     -91.1730
          380     -40.5087     -49.5508     -90.0595
          381     -29.2812     -55.0155     -84.2967
          382     -32.6391     -53.2296     -85.8686
          383     -31.9677     -53.0514     -85.0191
          384     -30.3077     -53.2468     -83.5545
          385     -31.6540     -52.6563     -84.3103
          386     -32.0283     -49.3362     -81.3646
          387     -41.2368     -43.9139     -85.1507
          388     -31.0256     -53.3127     -84.3383
          389     -32.6638     -50.4233     -83.0870
          390     -28.5152     -56.6856     -85.2008
          391     -35.2447     -49.3244     -84.5691
          392     -28.7015     -53.5319     -82.2334
          393     -20.7711     -56.6193     -77.3904
          394     -34.5285     -51.6086     -86.1371
          395     -36.1545     -54.3579     -90.5124
          396     -29.1516     -57.1933     -86.3449
          397     -31.6296     -50.7999     -82.4295
          398     -32.4635     -51.8830     -84.3465
          399     -32.0082     -51.7929     -83.8011
          400     -32.7364     -51.3503     -84.0867
          401     -32.1990     -50.6203     -82.8193
          402     -36.8911     -50.4156     -87.3067
          403     -35.8428     -52.1581     -88.0009
          404     -30.4467     -50.2633     -80.7100
          405     -28.9324     -54.9059     -83.8383
          406     -33.5800     -49.3733     -82.9533
          407     -34.1497     -51.8941     -86.0437
          408     -32.3014     -49.3455     -81.6470
          409     -32.5552     -44.0149     -76.5701
          410     -40.5257     -50.3428     -90.8685
          411     -30.8281     -51.8416     -82.6697
          412     -34.0229     -55.6344     -89.6573
          413     -30.0905     -55.2931     -85.3836
          414     -33.4375     -53.0850     -86.5224
          415     -33.1120     -50.8010     -83.9129
          416     -34.2404     -52.9781     -87.2185
          417     -24.5142     -57.1312     -81.6454
          418     -32.6699     -56.4780     -89.1479
          419     -26.9068     -55.6563     -82.5631
          420     -22.3242     -55.3543     -77.6785
          421     -34.7091     -52.0721     -86.7813
          422     -26.6672     -51.9622     -78.6293
          423     -26.5999     -54.2982     -80.8980
          424     -30.3846     -53.3922     -83.7768
          425     -28.2974     -50.8139     -79.1113
          426     -26.1263     -51.8680     -77.9943
          427     -26.4180     -50.2514     -76.6695
          428     -24.3903     -52.1627     -76.5530
          429     -36.7858     -50.4872     -87.2730
          430     -31.3559     -47.5280     -78.8839
          431     -27.0671     -53.5631     -80.6302
          432     -37.4698     -56.7053     -94.1751
          433     -26.7075     -53.5044     -80.2119
          434     -24.4981     -51.8166     -76.3147
          435     -25.8755     -52.0018     -77.8773
          436     -20.7899     -53.4413     -74.2313
          437     -26.2684     -53.6873     -79.9556
          438     -27.5853     -54.2858     -81.8711
          439     -23.8537     -48.2041     -72.0579
          440     -38.2834     -50.0980     -88.3814
          441     -26.1387     -49.8550     -75.9937
          442     -28.8628     -46.5043     -75.3671
          443     -27.7395     -49.2669     -77.0065
          444     -39.6820     -48.8192     -88.5012
          445     -39.2729     -47.5162     -86.7891
          446     -26.0667     -55.7296     -81.7963
          447     -39.7237     -45.6747     -85.3984
          448     -25.2901     -52.6526     -77.9427
          449     -33.5254     -52.4278     -85.9533
          450     -34.2083     -54.9265     -89.1347
          451     -38.9487     -46.6629     -85.6117
          452     -32.5748     -51.8229     -84.3977
          453     -36.1446     -47.6754     -83.8201
          454     -31.3821     -52.2560     -83.6381
          455     -35.6722     -47.8652     -83.5375
          456     -36.4291     -54.5299     -90.9590
          457     -24.3571     -55.4447     -79.8017
          458     -33.1730     -54.6169     -87.7899
          459     -30.5097     -53.9225     -84.4322
          460     -33.7184     -55.5748     -89.2932
          461     -33.6485     -57.5024     -91.1509
          462     -31.6145     -51.7942     -83.4088
          463     -32.8348     -45.4285     -78.2633
          464     -36.3303     -54.2235     -90.5538
          465     -34.4437     -52.3373     -86.7811
          466     -25.2989     -53.3153     -78.6142
          467     -27.8631     -55.8366     -83.6997
          468     -28.3266     -58.2328     -86.5594
          469     -35.1636     -48.5479     -83.7115
          470     -31.1923     -53.6104     -84.8027
          471     -36.8783     -52.6644     -89.5427
          472     -32.8629     -51.0988     -83.9617
          473     -25.5496     -52.1534     -77.7030
          474     -35.2436     -53.6364     -88.8800
          475     -41.3608     -50.6233     -91.9841
          476     -31.3728     -50.2215     -81.5944
          477     -30.7605     -50.5651     -81.3257
          478     -25.5265     -56.0895     -81.6161
          479     -29.8465     -57.7880     -87.6345
          480     -34.2907     -55.7687     -90.0594
          481     -34.7048     -55.0071     -89.7119
          482     -40.6491     -50.4282     -91.0774
          483     -30.3845     -47.9431     -78.3277
          484     -36.4571     -52.8188     -89.2759
          485     -35.2959     -54.0078     -89.3037
          486     -28.0437     -52.0864     -80.1302
          487     -30.8170     -55.3581     -86.1750
          488     -31.4528     -55.4267     -86.8796
          489     -35.5888     -52.0165     -87.6053
          490     -38.3515     -47.6716     -86.0231
          491     -27.1843     -54.1611     -81.3455
          492     -35.7458     -51.4314     -87.1771
          493     -38.1819     -47.9419     -86.1238
          494     -36.9355     -44.5793     -81.5148
          495     -35.7525     -54.3397     -90.0922
          496     -31.5720     -56.2915     -87.8634
          497     -40.1724     -45.4183     -85.5907
          498     -27.3329     -56.3767     -83.7096
          499     -37.1173     -47.6957     -84.8131
          500     -30.1803     -47.7163     -77.8966
          501     -33.6091     -56.4627     -90.0718
          502     -27.7303     -51.3941     -79.1244
          503     -32.3765     -47.0742     -79.4507
          504     -30.3780     -52.1400     -82.5180
          505     -33.4074     -49.9437     -83.3511
          506     -39.2206     -49.9221     -89.1427
          507     -21.5407     -55.6080     -77.1487
          508     -30.8990     -49.6197     -80.5187
          509     -31.9212     -52.2136     -84.1347
          510     -31.1412     -53.9310     -85.0723
          511     -34.5809     -52.1351     -86.7160
          512     -33.5467     -54.2106     -87.7573
          513     -45.5571     -53.0464     -98.6036
          514     -35.8619     -51.9809     -87.8427
          515     -32.2386     -53.7093     -85.9479
          516     -35.6183     -54.9030     -90.5213
          517     -30.7093     -51.4272     -82.1365
          518     -31.2039     -50.7666     -81.9705
          519     -29.9349     -56.1502     -86.0851
          520     -32.8964     -54.5865     -87.4829
          521     -28.3083     -55.5354     -83.8437
          522     -32.8821     -53.7273     -86.6094
          523     -31.7117     -51.1631     -82.8747
          524     -32.9263     -51.6344     -84.5607
          525     -39.6620     -50.1051     -89.7671
          526     -32.4136     -54.8318     -87.2454
          527     -25.4165     -49.8275     -75.2440
          528     -28.8201     -51.0411     -79.8612
          529     -37.3727     -50.9839     -88.3566
          530     -43.1441     -50.2268     -93.3709
          531     -37.0752     -52.0089     -89.0841
          532     -44.8583     -48.4154     -93.2737
          533     -37.6974     -52.9222     -90.6197
          534     -35.9941     -51.8335     -87.8276
          535     -39.8178     -47.9738     -87.7916
          536     -42.3482     -51.9591     -94.3073
          537     -40.5919     -53.7247     -94.3166
          538     -33.6076     -53.6780     -87.2855
          539     -32.2658     -49.1264     -81.3922
          540     -42.2376     -49.6338     -91.8714
          541     -41.7530     -51.5989     -93.3519
          542     -40.5520     -50.9861     -91.5380
          543     -36.7306     -53.6185     -90.3491
          544     -24.6800     -57.7216     -82.4016
          545     -34.7767     -54.6838     -89.4604
          546     -39.3066     -51.7712     -91.0777
          547     -31.0423     -52.5704     -83.6128
          548     -30.6396     -52.3389     -82.9785
          549     -36.1878     -55.2839     -91.4717
          550     -35.1148     -48.5095     -83.6242
          551     -41.7697     -50.5390     -92.3087
          552     -27.7900     -51.6242     -79.4142
          553     -31.0772     -54.1404     -85.2176
          554     -41.5966     -51.1412     -92.7378
          555     -31.8222     -52.2764     -84.0986
          556     -33.0536     -50.7205     -83.7741
          557     -30.8605     -53.9397     -84.8003
          558     -33.1917     -53.1480     -86.3397
          559     -35.3253     -45.7662     -81.0915
          560     -26.3805     -56.2353     -82.6158
          561     -29.2073     -54.7040     -83.9113
          562     -29.7908     -55.3713     -85.1621
          563     -36.1044     -52.6485     -88.7529
          564     -32.0778     -52.2948     -84.3727
          565     -30.1678     -49.6970     -79.8648
          566     -37.1425     -52.2602     -89.4027
          567     -30.5023     -54.0319     -84.5342
          568     -34.6785     -53.3389     -88.0174
          569     -43.3548     -48.4517     -91.8066
          570     -40.9866     -49.0202     -90.0069
          571     -43.9340     -48.7122     -92.6461
          572     -46.0464     -47.4649     -93.5113
          573     -45.7434     -49.6379     -95.3813
          574     -50.8456     -48.6064     -99.4519
          575     -48.3462     -53.3253    -101.6715
          576     -45.9198     -51.2050     -97.1248
          577     -44.2728     -49.0363     -93.3091
          578     -48.7646     -48.4468     -97.2113
          579     -33.9350     -52.2132     -86.1482
          580     -46.1315     -51.4807     -97.6122
          581     -33.5152     -53.6910     -87.2062
          582     -41.7405     -49.6260     -91.3665
          583     -32.0200     -53.5782     -85.5982
          584     -39.0680     -52.3088     -91.3767
          585     -41.1468     -52.4727     -93.6195
          586     -32.4733     -53.8021     -86.2753
          587     -35.8651     -53.8637     -89.7288
          588     -32.7694     -53.3538     -86.1232
          589     -35.0574     -54.0633     -89.1207
          590     -35.1509     -51.6729     -86.8238
          591     -35.4394     -52.2959     -87.7354
          592     -39.3654     -48.2382     -87.6036
          593     -32.0443     -55.1791     -87.2234
          594     -37.1084     -53.1714     -90.2798
          595     -38.6506     -51.9856     -90.6362
          596     -32.0458     -54.7279     -86.7737
          597     -45.2611     -45.8302     -91.0913
          598     -37.8375     -50.1313     -87.9688
          599     -33.6155     -52.8638     -86.4793
          600     -35.4658     -55.6065     -91.0724
          601     -29.1799     -54.7198     -83.8997
          602     -41.1656     -53.6525     -94.8181
          603     -35.2750     -55.1865     -90.4615
          604     -41.1504     -46.7611     -87.9115
          605     -24.2607     -54.6721     -78.9329
          606     -38.4742     -53.2450     -91.7192
          607     -29.9346     -53.2065     -83.1411
          608     -30.0584     -56.5652     -86.6235
          609     -36.4715     -51.3674     -87.8389
          610     -32.1331     -51.6055     -83.7386
          611     -31.8669     -48.8545     -80.7214
          612     -33.7563     -55.6369     -89.3932
          613     -41.2254     -52.0473     -93.2727
          614     -31.5747     -54.4035     -85.9782
          615     -44.3573     -51.1113     -95.4686
          616     -32.9815     -49.2165     -82.1980
          617     -44.0486     -49.9688     -94.0174
          618     -48.6184     -47.8339     -96.4523
          619     -41.8643     -51.9452     -93.8095
          620     -34.4945     -50.4993     -84.9938
          621     -29.6778     -51.6936     -81.3714
          622     -32.4716     -50.8095     -83.2811
          623     -33.9008     -51.6278     -85.5286
          624     -35.4924     -56.8713     -92.3637
          625     -47.7374     -51.3069     -99.0442
          626     -32.7726     -52.6501     -85.4226
          627     -42.7811     -50.9601     -93.7413
          628     -28.8175     -54.7320     -83.5496
          629     -35.2172     -53.6837     -88.9008
          630     -34.2862     -49.5071     -83.7933
          631     -30.8252     -53.6832     -84.5084
          632     -36.5597     -55.7649     -92.3246
          633     -34.8840     -51.9638     -86.8478
          634     -38.2993     -51.6799     -89.9793
          635     -37.3975     -49.8571     -87.2546
          636     -32.0162     -52.2315     -84.2477
          637     -35.9599     -55.6888     -91.6488
          638     -26.8363     -58.5580     -85.3944
          639     -35.8611     -52.7171     -88.5782
          640     -30.1543     -51.1685     -81.3228
          641     -35.6572     -55.7904     -91.4476
          642     -44.2816     -45.8063     -90.0879
          643     -32.4934     -53.3745     -85.8679
          644     -24.7489     -57.5019     -82.2508
          645     -41.5456     -58.5650    -100.1106
          646     -30.4364     -54.2237     -84.6602
          647     -29.2016     -55.8644     -85.0660
          648     -32.5919     -51.5006     -84.0925
          649     -41.3301     -52.7865     -94.1166
          650     -34.3546     -50.7081     -85.0627
          651     -35.0883     -50.1415     -85.2298
          652     -38.2955     -54.7173     -93.0128
          653     -40.7587     -56.8226     -97.5813
          654     -32.4056     -53.4014     -85.8070
          655     -37.8015     -55.2068     -93.0083
          656     -39.8501     -52.6488     -92.4989
          657     -42.6855     -50.6911     -93.3767
          658     -34.6148     -57.7541     -92.3689
          659     -39.8492     -49.0687     -88.9179
          660     -25.0735     -52.7123     -77.7857
          661     -42.9956     -54.4164     -97.4120
          662     -35.2518     -53.1439     -88.3957
          663     -46.5436     -50.3399     -96.8835
          664     -37.3889     -53.1489     -90.5379
          665     -46.7295     -52.6843     -99.4138
          666     -34.0819     -56.6517     -90.7336
          667     -48.3917     -44.9505     -93.3421
          668     -34.0632     -57.4404     -91.5036
          669     -37.7524     -54.1324     -91.8848
          670     -29.6220     -53.1398     -82.7618
          671     -41.7773     -52.5447     -94.3221
          672     -42.8186     -48.7412     -91.5599
          673     -38.5390     -49.3663     -87.9053
          674     -44.0357     -56.5918    -100.6275
          675     -38.5905     -53.2072     -91.7978
          676     -48.8939     -48.4207     -97.3146
          677     -37.0107     -49.6218     -86.6325
          678     -40.8685     -51.7222     -92.5907
          679     -23.7742     -53.3339     -77.1081
          680     -37.5101     -55.9995     -93.5096
          681     -35.7614     -55.0137     -90.7751
          682     -38.3351     -50.7154     -89.0505
          683     -36.7461     -52.8875     -89.6335
          684     -35.6973     -47.5693     -83.2665
          685     -35.6137     -51.7684     -87.3822
          686     -33.6555     -56.2048     -89.8602
          687     -41.2015     -48.7923     -89.9938
          688     -39.6336     -51.4610     -91.0946
          689     -42.9719     -52.6366     -95.6086
          690     -41.1205     -51.1579     -92.2784
          691     -39.2222     -54.3809     -93.6031
          692     -46.1253     -50.0207     -96.1460
          693     -31.8713     -56.1309     -88.0022
          694     -35.4479     -53.5100     -88.9580
          695     -39.5518     -54.0080     -93.5598
          696     -32.5838     -54.1722     -86.7560
          697     -36.0917     -56.3922     -92.4839
          698     -32.5805     -55.1625     -87.7430
          699     -25.6289     -53.9636     -79.5925
          700     -32.2584     -56.8318     -89.0901
          701     -29.8458     -53.5592     -83.4050
          702     -33.0714     -54.2670     -87.3384
          703     -39.0264     -49.0250     -88.0514
          704     -40.1125     -46.3407     -86.4533
          705     -28.3416     -52.4979     -80.8395
          706     -38.4865     -50.3627     -88.8492
          707     -34.3955     -55.5892     -89.9847
          708     -28.2611     -50.4944     -78.7555
          709     -29.5315     -51.8999     -81.4314
          710     -43.8347     -51.8059     -95.6406
          711     -36.7031     -47.1002     -83.8034
          712     -41.4817     -44.9307     -86.4125
          713     -45.3544     -45.0283     -90.3826
          714     -35.5938     -52.6194     -88.2132
          715     -43.7920     -52.7874     -96.5794
          716     -37.6380     -54.8069     -92.4449
          717     -41.9571     -51.6993     -93.6564
          718     -34.4928     -52.5250     -87.0178
          719     -32.6247     -56.3213     -88.9460
          720     -35.5659     -48.5855     -84.1514
          721     -39.8693     -52.2743     -92.1437
          722     -43.8137     -40.9720     -84.7858
          723     -37.4860     -52.4123     -89.8983
          724     -43.5260     -49.4105     -92.9365
          725     -44.1751     -48.6465     -92.8216
          726     -44.2582     -48.8706     -93.1288
          727     -47.8060     -49.9884     -97.7944
          728     -48.7231     -48.4710     -97.1942
          729     -36.5605     -54.0907     -90.6512
          730     -43.7543     -48.8009     -92.5552
          731     -53.3709     -46.3355     -99.7064
          732     -49.2264     -44.2467     -93.4731
          733     -42.4657     -54.1354     -96.6010
          734     -42.8565     -49.5958     -92.4522
          735     -43.2773     -50.6484     -93.9257
          736     -40.7904     -54.4072     -95.1976
          737     -47.4312     -55.4097    -102.8409
          738     -49.8927     -52.7959    -102.6886
          739     -39.2327     -55.3505     -94.5832
          740     -40.6240     -55.0577     -95.6817
          741     -46.1731     -48.9743     -95.1474
          742     -41.4880     -51.5756     -93.0636
          743     -45.2749     -45.6980     -90.9730
          744     -45.4706     -52.3907     -97.8613
          745     -36.6374     -52.4676     -89.1050
          746     -50.7099     -48.7291     -99.4390
          747     -41.9041     -50.8513     -92.7554
          748     -43.8712     -48.2324     -92.1036
          749     -44.5742     -47.5098     -92.0840
          750     -40.6407     -50.3099     -90.9507
          751     -41.4112     -52.3453     -93.7565
          752     -53.6419     -46.0687     -99.7106
          753     -38.1832     -48.0443     -86.2275
          754     -34.9395     -51.8386     -86.7781
          755     -27.0657     -46.7335     -73.7992
          756     -35.4077     -51.7786     -87.1863
          757     -41.5586     -54.2342     -95.7928
          758     -33.1043     -45.6839     -78.7882
          759     -34.7638     -51.0285     -85.7924
          760     -26.3881     -52.9563     -79.3444
          761     -40.6318     -47.6828     -88.3146
          762     -32.9234     -50.8571     -83.7805
          763     -35.0641     -49.4502     -84.5143
          764     -33.0125     -52.3717     -85.3842
          765     -45.8658     -48.1403     -94.0062
          766     -45.0840     -44.0711     -89.1551
          767     -45.5269     -49.8161     -95.3430
          768     -44.6092     -42.5943     -87.2036
          769     -38.6898     -49.4736     -88.1634
          770     -42.4285     -50.6893     -93.1178
          771     -37.6960     -53.0086     -90.7046
          772     -46.2721     -43.1843     -89.4564
          773     -37.1351     -46.9671     -84.1021
          774     -44.5808     -51.4429     -96.0237
          775     -41.0500     -42.3342     -83.3842
          776     -36.3715     -49.5623     -85.9337
          777     -45.8833     -48.3176     -94.2009
          778     -43.4230     -41.7852     -85.2082
          779     -31.6809     -50.9760     -82.6569
          780     -40.4075     -51.6621     -92.0696
          781     -42.9165     -55.4443     -98.3608
          782     -40.7327     -49.8882     -90.6210
          783     -41.4731     -46.8646     -88.3376
          784     -38.9846     -52.6717     -91.6563
          785     -42.4289     -51.2702     -93.6991
          786     -44.9763     -52.2559     -97.2321
          787     -46.9021     -48.1325     -95.0346
          788     -34.0016     -54.1355     -88.1371
          789     -41.8613     -46.9722     -88.8336
          790     -37.6818     -48.9045     -86.5864
          791     -33.9914     -51.6812     -85.6726
          792     -27.4074     -55.9775     -83.3849
          793     -34.1471     -55.0625     -89.2096
          794     -46.3946     -48.8872     -95.2819
          795     -44.4073     -48.3677     -92.7750
          796     -44.2523     -51.7432     -95.9955
          797     -44.3461     -46.2743     -90.6204
          798     -44.0315     -50.6415     -94.6730
          799     -37.6167     -52.9162     -90.5329
          800     -38.0837     -49.7939     -87.8776
          801     -35.2769     -55.0987     -90.3756
          802     -43.3964     -51.7932     -95.1896
          803     -47.2060     -51.7386     -98.9446
          804     -51.4593     -47.8172     -99.2766
          805     -45.5631     -51.4280     -96.9911
          806     -40.8691     -53.4047     -94.2738
          807     -42.1992     -47.5207     -89.7200
          808     -42.9406     -51.7063     -94.6469
          809     -42.7897     -51.9668     -94.7565
          810     -46.3048     -52.4655     -98.7704
          811     -44.1890     -50.9692     -95.1582
          812     -42.8129     -46.5516     -89.3645
          813     -30.9881     -54.4072     -85.3953
          814     -31.1523     -52.8591     -84.0114
          815     -33.1940     -55.6962     -88.8901
          816     -37.4158     -54.1464     -91.5622
          817     -33.8177     -53.4817     -87.2994
          818     -36.6164     -53.8382     -90.4546
          819     -35.1144     -52.1853     -87.2998
          820     -29.4948     -51.0527     -80.5475
          821     -32.9276     -53.8933     -86.8208
          822     -30.9929     -49.1903     -80.1833
          823     -30.4075     -52.2603     -82.6678
          824     -31.9021     -49.9358     -81.8378
          825     -28.8827     -53.0634     -81.9461
          826     -50.1940     -49.5135     -99.7075
          827     -48.6827     -52.9867    -101.6694
          828     -39.5432     -51.4822     -91.0253
          829     -41.8071     -50.0099     -91.8170
          830     -44.2699     -45.1867     -89.4566
          831     -37.2534     -52.5546     -89.8079
          832     -48.5370     -49.2728     -97.8098
          833     -39.4175     -49.8438     -89.2613
          834     -44.2449     -54.9175     -99.1625
          835     -49.1381     -50.2329     -99.3710
          836     -49.9757     -49.2822     -99.2578
          837     -40.8044     -48.5460     -89.3503
          838     -42.7797     -50.3663     -93.1460
          839     -37.5891     -53.5453     -91.1344
          840     -49.8321     -51.4443    -101.2764
          841     -41.2064     -52.8133     -94.0197
          842     -51.3671     -55.1320    -106.4991
          843     -44.5114     -53.8297     -98.3411
          844     -39.2322     -55.5767     -94.8088
          845     -33.5798     -50.6209     -84.2008
          846     -36.9546     -50.0244     -86.9791
          847     -35.9626     -50.0284     -85.9910
          848     -46.4306     -47.0176     -93.4482
          849     -36.8984     -50.5719     -87.4703
          850     -41.1138     -49.9269     -91.0407
          851     -51.6715     -47.9765     -99.6480
          852     -41.8786     -53.0317     -94.9103
          853     -35.5778     -50.6627     -86.2404
          854     -48.5781     -47.9889     -96.5670
          855     -32.6297     -54.1636     -86.7933
          856     -38.2029     -50.1558     -88.3587
          857     -37.5204     -53.5343     -91.0547
          858     -35.2530     -51.7049     -86.9579
          859     -32.1666     -49.3960     -81.5626
          860     -46.7323     -46.4693     -93.2016
          861     -45.7656     -45.1368     -90.9024
          862     -47.9625     -50.0262     -97.9886
          863     -37.0921     -54.0987     -91.1908
          864     -44.3407     -49.8711     -94.2118
          865     -31.5588     -55.8679     -87.4266
          866     -25.5256     -55.9133     -81.4389
          867     -34.6871     -54.0710     -88.7581
          868     -36.1461     -50.1569     -86.3030
          869     -50.6693     -47.8230     -98.4922
          870     -37.0956     -54.2797     -91.3753
          871     -37.0536     -48.0329     -85.0865
          872     -29.5126     -54.7685     -84.2811
          873     -31.0257     -55.5901     -86.6159
          874     -27.7214     -53.0945     -80.8159
          875     -35.2240     -48.1992     -83.4231
          876     -36.7944     -51.7476     -88.5420
          877     -25.5763     -51.8764     -77.4528
          878     -29.0857     -50.7389     -79.8246
          879     -31.2268     -54.2861     -85.5129
          880     -33.4072     -53.3360     -86.7431
          881     -33.6681     -49.2173     -82.8854
          882     -35.9604     -55.0547     -91.0151
          883     -33.8115     -55.7858     -89.5973
          884     -38.3413     -50.5072     -88.8485
          885     -28.9884     -50.4390     -79.4273
          886     -31.8280     -47.1033     -78.9312
          887     -32.1707     -51.9459     -84.1166
          888     -31.0403     -51.1773     -82.2176
          889     -31.5244     -53.9946     -85.5190
          890     -30.6952     -53.8351     -84.5303
          891     -38.2536     -50.4574     -88.7110
          892     -30.0855     -52.3406     -82.4261
          893     -28.3172     -56.3134     -84.6306
          894     -32.9756     -56.3383     -89.3138
          895     -35.0770     -56.6532     -91.7302
          896     -27.4775     -55.9139     -83.3914
          897     -35.3062     -47.6895     -82.9958
          898     -24.0031     -55.6745     -79.6776
          899     -31.6314     -53.8643     -85.4956
          900     -32.2176     -51.8072     -84.0248
          901     -34.8997     -55.6774     -90.5771
          902     -32.7733     -53.2028     -85.9761
          903     -33.8718     -50.9288     -84.8006
          904     -27.8089     -50.8146     -78.6235
          905     -34.6124     -53.3160     -87.9284
          906     -33.4403     -52.2799     -85.7202
          907     -37.7184     -51.4840     -89.2024
          908     -24.5009     -55.0328     -79.5337
          909     -29.3356     -52.2281     -81.5637
          910     -27.7265     -53.5348     -81.2613
          911     -24.3935     -52.9091     -77.3026
          912     -39.9074     -49.3234     -89.2307
          913     -32.4489     -52.7865     -85.2353
          914     -42.7675     -50.3963     -93.1638
          915     -36.7367     -52.4157     -89.1523
          916     -31.8659     -52.5350     -84.4009
          917     -42.3719     -52.3845     -94.7564
          918     -31.5448     -55.3769     -86.9217
          919     -35.6130     -57.4812     -93.0942
          920     -37.2329     -55.7446     -92.9775
          921     -37.5802     -54.1715     -91.7517
          922     -37.7235     -49.8408     -87.5643
          923     -37.5923     -58.3821     -95.9744
          924     -36.8573     -56.2970     -93.1544
          925     -38.3898     -44.7528     -83.1426
          926     -35.7841     -54.2818     -90.0659
          927     -36.1219     -52.3268     -88.4488
          928     -33.9012     -51.4894     -85.3906
          929     -35.8468     -51.6248     -87.4716
          930     -30.5236     -57.9916     -88.5152
          931     -34.2416     -54.5919     -88.8335
          932     -37.8156     -53.1512     -90.9668
          933     -30.8364     -53.4575     -84.2939
          934     -31.2555     -54.9572     -86.2127
          935     -22.8042     -52.9777     -75.7819
          936     -33.7112     -55.0765     -88.7877
          937     -29.0532     -57.0279     -86.0811
          938     -28.7406     -51.6235     -80.3642
          939     -37.3352     -54.0559     -91.3911
          940     -34.2521     -54.1901     -88.4422
          941     -28.8785     -53.8850     -82.7635
          942     -30.8120     -52.7373     -83.5492
          943     -25.3757     -56.0652     -81.4409
          944     -49.3539     -50.9067    -100.2606
          945     -49.1356     -50.5149     -99.6505
          946     -41.1411     -50.5844     -91.7255
          947     -42.9741     -45.4584     -88.4325
          948     -37.4292     -52.6077     -90.0369
          949     -36.4973     -49.3677     -85.8650
          950     -29.4485     -55.5907     -85.0392
          951     -31.1528     -56.9715     -88.1243
          952     -33.6365     -53.1309     -86.7674
          953     -38.9538     -49.4388     -88.3926
          954     -33.9216     -57.5518     -91.4735
          955     -34.2120     -54.6051     -88.8172
          956     -32.0718     -55.6783     -87.7500
          957     -43.4347     -48.7708     -92.2055
          958     -38.4371     -50.4916     -88.9288
          959     -26.5209     -54.4116     -80.9325
          960     -45.1452     -52.9896     -98.1348
          961     -27.4630     -56.7229     -84.1858
          962     -26.4522     -56.3194     -82.7716
          963     -46.1140     -51.8528     -97.9668
          964     -37.1701     -50.8376     -88.0078
          965     -37.1788     -51.3568     -88.5356
          966     -26.1147     -56.7808     -82.8955
          967     -33.1986     -54.0653     -87.2639
          968     -38.2105     -53.5939     -91.8043
          969     -36.6914     -53.5321     -90.2236
          970     -36.9320     -53.1449     -90.0770
          971     -33.7348     -52.9496     -86.6843
          972     -31.4168     -49.9234     -81.3401
          973     -27.3682     -55.2050     -82.5732
          974     -35.7487     -51.5325     -87.2812
          975     -36.3304     -49.9154     -86.2458
          976     -28.3041     -59.8246     -88.1287
          977     -37.6042     -55.5949     -93.1992
          978     -36.9005     -55.3328     -92.2333
          979     -34.1237     -56.5048     -90.6285
          980     -37.6058     -51.1817     -88.7876
          981     -34.8064     -53.6524     -88.4588
          982     -39.5931     -52.9695     -92.5626
          983     -40.2856     -55.3230     -95.6087
          984     -33.2205     -59.7608     -92.9814
          985     -33.2529     -51.1595     -84.4124
          986     -35.1419     -56.3627     -91.5046
          987     -34.4008     -53.6122     -88.0130
          988     -39.5032     -51.2630     -90.7662
          989     -29.5728     -55.5083     -85.0811
          990     -36.9733     -46.1038     -83.0771
          991     -36.3729     -53.3217     -89.6946
          992     -34.0071     -54.5468     -88.5539
          993     -34.6477     -55.2775     -89.9252
          994     -31.2903     -54.4566     -85.7469
          995     -43.0218     -49.0650     -92.0868
          996     -31.9008     -57.4864     -89.3872
          997     -31.2157     -54.1137     -85.3294
          998     -36.9548     -55.4762     -92.4310
          999     -40.7307     -47.9924     -88.7232
         1000     -38.6295     -54.9957     -93.6253
